431
t_index	tf-idf
79	0.036843
105	0.040444
148	0.037953
193	0.066812
202	0.088492
233	0.109416
237	0.017639
243	0.033945
380	0.057452
408	0.007572
519	0.017300
524	0.026017
525	0.012996
578	0.050643
586	0.015816
588	0.022275
676	0.019006
687	0.047877
735	0.047442
741	0.056990
744	0.048616
762	0.040397
774	0.051136
775	0.040397
788	0.039093
799	0.031909
836	0.039722
849	0.034379
913	0.057452
960	0.098207
983	0.063768
1002	0.017189
1016	0.053758
1055	0.047442
1076	0.017755
1078	0.018052
1100	0.012043
1160	0.057452
1172	0.127636
1190	0.042788
1197	0.027422
1217	0.053758
1250	0.062746
1261	0.114904
1320	0.032111
1347	0.098207
1373	0.055184
1458	0.047442
1513	0.028307
1523	0.025593
1531	0.046037
1565	0.119183
1603	0.023288
1620	0.043983
1629	0.027422
1673	0.049103
1678	0.107515
1708	0.056614
1711	0.053758
1741	0.070327
1759	0.036027
1792	0.016351
1836	0.019278
1858	0.023505
1872	0.018741
1997	0.040397
2000	0.032479
2070	0.029496
2154	0.026771
2164	0.029288
2198	0.042788
2247	0.069544
2287	0.046037
2293	0.030624
2305	0.020694
2357	0.021363
2365	0.030624
2369	0.018873
2370	0.039093
2384	0.040753
2445	0.021363
2479	0.016972
2501	0.033737
2530	0.040397
2560	0.026194
2566	0.023955
2580	0.017902
2602	0.025593
2615	0.032189
2624	0.053758
2655	0.047442
2659	0.063768
2693	0.021450
2803	0.032777
2809	0.017873
2854	0.027422
2864	0.007982
2882	0.051899
2895	0.015047
2903	0.028687
2917	0.021538
2978	0.113858
3026	0.016452
3053	0.064957
3099	0.022085
3112	0.063768
3125	0.107515
3288	0.038505
3290	0.046037
3295	0.040397
3333	0.027943
3341	0.032189
3502	0.041919
3540	0.083755
3551	0.039259
3598	0.016202
3617	0.063768
3676	0.027255
3692	0.042044
3802	0.129915
3811	0.041126
3849	0.063768
3881	0.011469
3934	0.049103
3961	0.034439
3977	0.020299
3997	0.030624
4047	0.072944
4076	0.014918
4082	0.016553
4150	0.025593
4155	0.047681
4205	0.022468
4218	0.026017
4273	0.053758
4329	0.028307
4340	0.031116
4387	0.026615
4390	0.029497
4407	0.020020
4448	0.041919
4466	0.013830
4482	0.063768
4554	0.059161
4655	0.063768
4682	0.037953
4685	0.045944
4714	0.024189
4734	0.041919
4781	0.020534
4809	0.009960
4859	0.020942
4882	0.053758
4963	0.042900
5009	0.151934
5010	0.057452
5028	0.057452
5073	0.021106
5093	0.053758
5095	0.035603
5164	0.040397
5278	0.041919
5310	0.057452
5315	0.013591
5338	0.043748
5339	0.092075
5366	0.044821
5385	0.082453
5412	0.034081
5419	0.011324
5426	0.035198
5469	0.091888
5485	0.012996
5491	0.012012
5500	0.019847
5590	0.024189
5598	0.032479
5607	0.020146
5705	0.019847
5787	0.012012
5812	0.177249
5813	0.028307
5875	0.070327
5876	0.026017
5900	0.019847
5903	0.022667
5917	0.024429
5938	0.031909
5955	0.014706
6015	0.037953
6093	0.063768
6166	0.053758
6346	0.026163
6378	0.059470
6528	0.038505
6550	0.027592
6582	0.024071
6595	0.035164
6599	0.015816
6656	0.060362
6746	0.019278
6760	0.020942
6766	0.041126
6778	0.017755
6797	0.033406
6807	0.017525
6813	0.014833
6876	0.014665
6915	0.028307
6925	0.034811
6991	0.012012
6997	0.051136
7015	0.120625
7022	0.057452
7033	0.020377
7074	0.046203
7092	0.031571
7194	0.025732
7225	0.012825
7226	0.030387
7263	0.075565
7274	0.037432
7282	0.016919
7300	0.015722
7342	0.064379
7348	0.047442
7432	0.116922
7453	0.031822
7483	0.033838
7534	0.018052
7622	0.013066
7690	0.030867
7693	0.036027
7716	0.013422
7749	0.046037
7775	0.051136
7826	0.017412
7839	0.033406
7853	0.032703
7889	0.020534
7902	0.045141
7925	0.044821
7943	0.027459
7954	0.010497
7965	0.014022
7997	0.015676
8001	0.057452
8082	0.072213
8084	0.047442
8127	0.057452
8209	0.010035
8210	0.028863
8280	0.022538
8299	0.020942
8304	0.028123
8308	0.012825
8422	0.016708
8451	0.051136
8460	0.034439
8505	0.032189
8526	0.065555
8527	0.044821
8550	0.079444
8554	0.039093
8556	0.044821
8574	0.057452
8633	0.042788
8639	0.036939
8691	0.053758
8714	0.111867
8721	0.047442
8754	0.033737
8765	0.051136
8803	0.052622
8830	0.174053
8872	0.019774
8880	0.041919
8914	0.026929
8938	0.044882
8944	0.014258
8977	0.022371
9012	0.057452
9050	0.022248
9060	0.051136
9095	0.027255
9106	0.034811
9128	0.006324
9148	0.039093
9158	0.020377
9167	0.030156
9277	0.021991
9306	0.019701
9337	0.025593
9353	0.205822
9408	0.029083
9485	0.051136
9489	0.019701
9497	0.053758
9548	0.044821
9570	0.051136
9663	0.051136
9747	0.048857
9762	0.033737
9821	0.018306
9828	0.025732
9841	0.041227
9849	0.043798
9869	0.022667
10020	0.057452
10056	0.034439
10093	0.055531
10098	0.047442
10126	0.042788
10140	0.078489
10161	0.030387
10183	0.027090
10234	0.055792
10323	0.033086
10326	0.039722
10331	0.053758
10333	0.015959
10346	0.005588
10370	0.040397
10413	0.051136
10416	0.038505
10423	0.039093
10424	0.063768
10450	0.074193
10508	0.049103
10509	0.107515
10554	0.025057
10564	0.018741
10594	0.032479
10606	0.028278
10627	0.013532
10647	0.051136
10652	0.033406
10744	0.057765
10818	0.019209
10852	0.010630
10880	0.018174
10917	0.051136
10918	0.039093
10938	0.062232
10943	0.089642
11051	0.063768
11059	0.022085
11123	0.019921
11153	0.020146
11205	0.016251
11222	0.044821
11261	0.089642
11273	0.102273
11285	0.051136
11311	0.041641
11395	0.019772
11419	0.112296
11422	0.025593
11465	0.049969
11481	0.023288
11497	0.042788
11504	0.029083
11534	0.053758
11587	0.049103
11605	0.015446
11627	0.012723
11635	0.053758
11641	0.043748
11654	0.034081
11655	0.021807
11656	0.067701
11681	0.113858
11763	0.010657
11774	0.017755
11833	0.020222
11867	0.021106
11871	0.040397
11874	0.042788
11896	0.091161
11902	0.020856
11980	0.015285
12020	0.021276
12021	0.017755
12028	0.011440
12040	0.047442
12065	0.014665
12092	0.007572
12141	0.024071
12154	0.030867
12167	0.017135
12172	0.063768
12174	0.034081
12189	0.024429
12203	0.041126
12209	0.036027
12210	0.062569
12255	0.025188
12278	0.035198
12284	0.022192
12372	0.016502
12391	0.036027
12447	0.030867
12598	0.029292
12731	0.005421
12745	0.034672
12759	0.051136
12779	0.080794
12790	0.044821
12810	0.035198
12843	0.057452
12921	0.057452
13011	0.018581
13022	0.043748
13026	0.021899
13041	0.024800
13052	0.015911
13088	0.015004
13092	0.021899
13110	0.011767
13136	0.042788
13184	0.039548
13185	0.020455
13246	0.039694
13339	0.056030
13346	0.027359
13358	0.026462
13359	0.034081
13364	0.021807
13367	0.037953
13434	0.007383
13439	0.046037
