393
t_index	tf-idf
61	0.058013
91	0.052990
173	0.110369
209	0.062000
262	0.055185
317	0.031832
350	0.021418
394	0.021823
456	0.035706
483	0.063665
504	0.042188
518	0.057107
524	0.054948
536	0.030548
543	0.058013
547	0.116027
621	0.050496
659	0.021906
666	0.032792
684	0.016342
737	0.035290
739	0.035372
787	0.051198
798	0.018669
804	0.014025
853	0.040395
857	0.027326
867	0.024038
895	0.028394
925	0.052613
974	0.017754
1010	0.016917
1015	0.051198
1024	0.026232
1041	0.087190
1079	0.034435
1083	0.052990
1096	0.014329
1129	0.018550
1155	0.042866
1179	0.052990
1236	0.058013
1278	0.105981
1279	0.018550
1326	0.040395
1340	0.034435
1349	0.010126
1441	0.058013
1443	0.052990
1449	0.413220
1467	0.092349
1527	0.067713
1598	0.051979
1760	0.058013
1801	0.022074
1841	0.091870
1851	0.037165
1874	0.049682
1878	0.050263
1982	0.030548
2043	0.044382
2067	0.078718
2080	0.038422
2134	0.025366
2148	0.020225
2181	0.025248
2197	0.035050
2211	0.051205
2270	0.054364
2275	0.035050
2282	0.048369
2288	0.055185
2345	0.047747
2407	0.038422
2518	0.025017
2556	0.021183
2570	0.025851
2576	0.022332
2603	0.023148
2604	0.032301
2646	0.027326
2655	0.021990
2664	0.052990
2725	0.033048
2746	0.030958
2826	0.055185
2833	0.010126
2879	0.049682
2898	0.040395
2936	0.033048
2956	0.031832
2980	0.038422
3029	0.049682
3066	0.038576
3121	0.017228
3141	0.093346
3154	0.032476
3162	0.030958
3183	0.030751
3235	0.034141
3292	0.038422
3330	0.046175
3333	0.015473
3334	0.036408
3357	0.028890
3359	0.023833
3403	0.017119
3412	0.061096
3469	0.026232
3510	0.052990
3608	0.069475
3636	0.016380
3712	0.043595
3769	0.013374
3811	0.067789
3870	0.017484
3895	0.028556
3966	0.022686
4036	0.041020
4076	0.035050
4084	0.024791
4126	0.028077
4154	0.024754
4162	0.024353
4235	0.017379
4244	0.021906
4293	0.028394
4320	0.039359
4328	0.051198
4341	0.036408
4349	0.016099
4411	0.020367
4492	0.016053
4505	0.021418
4542	0.017645
4550	0.058013
4583	0.037985
4592	0.033579
4654	0.015961
4659	0.057443
4673	0.055185
4678	0.021605
4690	0.051512
4734	0.015174
4793	0.022332
4794	0.076844
4826	0.047883
4871	0.029964
4896	0.030548
5019	0.028077
5048	0.071411
5051	0.036982
5052	0.022159
5080	0.010749
5129	0.045199
5279	0.098377
5343	0.022777
5421	0.041553
5431	0.043595
5434	0.058013
5507	0.025132
5508	0.025366
5541	0.018729
5548	0.049255
5584	0.029335
5596	0.032301
5640	0.058013
5651	0.022245
5679	0.073559
5686	0.036660
5734	0.024791
5750	0.028051
5755	0.025926
6049	0.012963
6076	0.136629
6077	0.213835
6139	0.018974
6164	0.021418
6177	0.042188
6219	0.031741
6370	0.058013
6381	0.055844
6428	0.039863
6532	0.047211
6645	0.027505
6673	0.058013
6683	0.036051
6686	0.014642
6689	0.020086
6803	0.058013
6817	0.029776
6849	0.025977
6866	0.017068
6876	0.030155
6900	0.058013
6923	0.032570
6941	0.033310
7027	0.011300
7034	0.055185
7080	0.016007
7206	0.039359
7255	0.025926
7267	0.055185
7279	0.032543
7281	0.058013
7293	0.174040
7313	0.040957
7337	0.033240
7353	0.034070
7388	0.028722
7449	0.045238
7467	0.032064
7474	0.026232
7489	0.027680
7536	0.024353
7546	0.018258
7573	0.015916
7694	0.063089
7715	0.017171
7745	0.073033
7746	0.033856
7758	0.024353
7796	0.019481
7822	0.036779
7864	0.043595
7865	0.022596
7916	0.020367
7938	0.055844
7951	0.045238
7961	0.016191
7979	0.014484
8041	0.028890
8079	0.052990
8090	0.037580
8092	0.052990
8103	0.072101
8117	0.023528
8125	0.030751
8147	0.017809
8150	0.022159
8165	0.032476
8206	0.009878
8213	0.034141
8216	0.011328
8343	0.051198
8351	0.042866
8359	0.027041
8399	0.039760
8462	0.084425
8463	0.010830
8464	0.015574
8496	0.077930
8537	0.006081
8556	0.011300
8562	0.030349
8566	0.013840
8571	0.018851
8601	0.041553
8808	0.085732
8824	0.077759
8856	0.014925
8858	0.017431
8860	0.028556
8972	0.048289
9085	0.052990
9088	0.037566
9122	0.031922
9130	0.021339
9153	0.027326
9196	0.016145
9199	0.024142
9247	0.043595
9258	0.040957
9259	0.015090
9296	0.037165
9303	0.012005
9365	0.021106
9377	0.006825
9395	0.035050
9407	0.043980
9424	0.028890
9553	0.021261
9555	0.051198
9582	0.033579
9586	0.017484
9600	0.098718
9612	0.052990
9792	0.018491
9862	0.020954
9872	0.026362
9890	0.036408
9926	0.022332
9961	0.048369
9979	0.083766
10040	0.039511
10047	0.027769
10060	0.133471
10061	0.091644
10068	0.023632
10088	0.024461
10365	0.062000
10377	0.112936
10395	0.033579
10411	0.049682
10418	0.029235
10422	0.021106
10448	0.062000
10471	0.072250
10568	0.017222
10685	0.040033
10753	0.051198
10788	0.054081
10799	0.020225
10802	0.029235
10841	0.015258
10862	0.029205
10932	0.038422
10972	0.031832
10979	0.031169
11030	0.058013
11038	0.019352
11088	0.022943
11105	0.051198
11112	0.033310
11113	0.051455
11213	0.016332
11224	0.049682
11256	0.043595
11295	0.071499
11352	0.087705
11361	0.067159
11413	0.026494
11545	0.025679
11653	0.040395
11698	0.035950
11702	0.034435
11714	0.025132
11718	0.042866
11810	0.041553
11835	0.083344
11858	0.058824
11887	0.023534
11888	0.024353
11936	0.041553
11991	0.047211
12005	0.019161
12063	0.041553
12100	0.087190
12124	0.032792
12134	0.042188
12178	0.021990
12215	0.010996
12254	0.020583
12256	0.057483
12263	0.024691
12327	0.008171
12360	0.058013
12370	0.037165
12375	0.077930
12405	0.036779
12423	0.026362
12444	0.045015
12487	0.029776
12489	0.027182
12512	0.037985
12547	0.054943
12603	0.040957
12626	0.012874
12782	0.055185
12806	0.040957
12831	0.010537
12880	0.052990
12961	0.044382
12970	0.012472
13008	0.058013
13011	0.087190
13054	0.031169
13088	0.052990
13113	0.023148
13204	0.033856
13240	0.058013
13244	0.038098
13260	0.049682
13308	0.041553
13330	0.044664
13350	0.036051
13419	0.022074
13576	0.060465
13583	0.014763
13594	0.028556
13598	0.015693
13600	0.030751
13690	0.018609
