534
t_index	tf-idf
395	0.023228
407	0.026501
418	0.053207
492	0.024362
502	0.012535
518	0.009141
684	0.003924
693	0.011644
737	0.025421
739	0.016986
782	0.017785
798	0.026896
804	0.013470
805	0.029534
845	0.021724
861	0.033047
877	0.259410
886	0.014670
888	0.017847
944	0.017312
951	0.009990
967	0.024811
971	0.025447
974	0.025577
1010	0.024371
1026	0.021120
1028	0.033047
1064	0.013409
1065	0.029774
1067	0.083241
1125	0.017662
1128	0.022671
1129	0.008908
1149	0.021724
1207	0.026501
1240	0.033047
1334	0.011116
1335	0.005332
1349	0.009725
1353	0.036806
1355	0.018711
1357	0.046455
1377	0.018724
1440	0.231327
1459	0.014574
1470	0.052489
1553	0.012181
1637	0.033047
1757	0.013483
1762	0.029774
1790	0.023858
1801	0.010600
1816	0.066093
1872	0.016536
1895	0.034190
1901	0.023598
1904	0.014211
1914	0.015178
1962	0.005214
1965	0.025447
1976	0.014493
1983	0.027696
1993	0.009884
2077	0.079664
2161	0.016125
2178	0.014124
2194	0.009579
2207	0.041870
2211	0.016393
2234	0.015628
2270	0.013053
2336	0.023228
2383	0.016691
2390	0.201978
2399	0.045343
2407	0.036902
2413	0.164843
2428	0.027748
2525	0.033047
2549	0.006717
2571	0.021724
2582	0.075604
2587	0.016832
2598	0.053001
2603	0.011116
2604	0.015511
2619	0.018451
2644	0.028962
2670	0.061590
2676	0.053053
2700	0.010026
2725	0.063481
2746	0.029733
2751	0.032791
2759	0.051619
2761	0.017484
2771	0.012535
2833	0.014588
2839	0.054120
2852	0.013916
2874	0.013263
2937	0.012474
3010	0.028778
3013	0.033047
3025	0.029774
3060	0.016986
3106	0.026501
3121	0.016546
3130	0.026501
3165	0.014767
3176	0.033485
3178	0.034852
3183	0.029534
3200	0.018241
3209	0.010401
3261	0.016641
3272	0.011543
3285	0.068206
3301	0.029936
3327	0.021201
3337	0.023703
3408	0.021964
3445	0.012660
3446	0.015628
3496	0.012660
3563	0.022671
3568	0.023228
3679	0.021532
3728	0.046534
3794	0.019398
3868	0.012597
3870	0.008396
3880	0.011116
3895	0.027427
3898	0.013122
3966	0.010894
4000	0.006646
4014	0.017847
4082	0.018901
4124	0.014670
4151	0.020585
4154	0.005944
4159	0.015072
4170	0.012535
4190	0.015628
4211	0.025837
4244	0.010520
4269	0.016395
4314	0.021876
4330	0.015072
4340	0.026245
4343	0.066093
4349	0.015462
4383	0.016682
4397	0.031680
4411	0.019561
4414	0.076341
4426	0.159004
4427	0.020935
4464	0.014670
4487	0.008076
4491	0.026966
4517	0.033363
4529	0.027859
4542	0.016947
4590	0.012852
4642	0.015072
4654	0.030659
4678	0.005188
4704	0.047716
4709	0.011593
4712	0.099959
4738	0.014335
4784	0.052489
4826	0.007665
4827	0.049420
4857	0.025705
4860	0.012535
4910	0.012787
4944	0.029774
4988	0.022606
5008	0.021120
5026	0.025556
5045	0.029774
5080	0.010324
5117	0.013335
5129	0.065117
5169	0.118136
5238	0.016442
5240	0.013635
5311	0.008841
5378	0.009324
5385	0.015996
5402	0.009547
5419	0.022174
5427	0.020259
5453	0.027859
5484	0.031739
5526	0.024586
5548	0.041393
5584	0.051653
5595	0.019629
5624	0.096549
5686	0.005868
5719	0.014986
5750	0.033676
5755	0.099602
5763	0.020585
5842	0.023228
5871	0.010440
5883	0.026501
5888	0.064262
5926	0.015511
5930	0.011494
5941	0.022671
6015	0.042626
6033	0.035324
6049	0.006225
6061	0.030795
6074	0.033047
6081	0.014866
6121	0.014968
6125	0.026983
6156	0.016986
6164	0.010286
6178	0.012852
6210	0.011026
6232	0.020881
6256	0.025825
6264	0.009815
6310	0.018105
6343	0.018901
6368	0.030795
6453	0.198280
6457	0.066093
6466	0.009884
6469	0.020585
6470	0.010560
6523	0.041140
6544	0.101288
6587	0.033047
6605	0.018451
6606	0.018451
6650	0.010641
6677	0.014211
6686	0.007032
6688	0.019955
6689	0.009645
6856	0.014693
6862	0.027335
6866	0.008196
6887	0.021039
6897	0.231344
6943	0.026527
6973	0.011644
6983	0.025319
6991	0.027859
6998	0.017146
7027	0.016279
7045	0.009201
7063	0.057225
7074	0.009082
7088	0.014574
7090	0.018451
7093	0.023858
7094	0.033047
7118	0.007709
7139	0.033973
7179	0.014670
7235	0.023228
7252	0.026501
7255	0.018675
7311	0.006735
7337	0.007981
7345	0.023858
7353	0.016361
7374	0.023228
7385	0.018241
7394	0.026501
7412	0.012069
7435	0.066093
7458	0.013335
7467	0.015398
7474	0.012597
7483	0.066093
7564	0.008148
7573	0.007643
7580	0.015996
7588	0.019668
7593	0.020935
7605	0.012355
7631	0.015286
7656	0.038286
7671	0.034852
7709	0.019668
7715	0.008246
7716	0.020259
7744	0.020935
7804	0.033047
7865	0.010851
7869	0.016682
7885	0.033856
7958	0.033047
7979	0.020867
8058	0.019668
8090	0.072186
8117	0.005649
8118	0.020259
8150	0.031924
8202	0.009612
8206	0.009487
8246	0.029774
8259	0.016247
8276	0.015996
8278	0.033047
8357	0.022174
8360	0.029774
8361	0.012296
8365	0.026501
8373	0.016395
8399	0.009547
8435	0.027271
8446	0.089321
8449	0.012660
8451	0.022174
8462	0.010136
8463	0.067607
8464	0.059832
8523	0.029774
8537	0.008760
8556	0.021706
8576	0.015398
8598	0.030079
8649	0.014968
8697	0.024586
8771	0.018241
8840	0.493357
8862	0.031023
8867	0.015511
8873	0.022174
8877	0.036715
8923	0.014968
8926	0.020585
8972	0.030919
8976	0.011445
9008	0.010851
9061	0.027271
9122	0.015330
9142	0.030079
9147	0.019955
9207	0.015398
9257	0.010808
9259	0.007247
9289	0.014574
9297	0.015747
9303	0.017295
9339	0.047716
9377	0.039328
9380	0.022735
9381	0.010440
9400	0.016832
9401	0.033047
9416	0.015628
9419	0.009645
9439	0.016832
9441	0.056506
9453	0.040519
9457	0.020935
9464	0.014481
9500	0.017484
9506	0.013635
9507	0.018451
9542	0.009112
9544	0.017484
9549	0.029774
9584	0.026527
9631	0.007731
9647	0.043448
9655	0.015178
9672	0.017146
9734	0.015747
9742	0.015286
9751	0.062805
9764	0.020259
9792	0.008880
9798	0.015072
9800	0.013873
9802	0.022671
9806	0.016682
9837	0.010062
9839	0.024586
9842	0.089321
9850	0.031023
9858	0.012181
9966	0.025319
9972	0.009293
9975	0.024586
9989	0.011356
9995	0.014211
10030	0.017312
10042	0.051942
10043	0.027859
10048	0.010440
10055	0.042117
10056	0.012535
10059	0.033047
10081	0.014039
10100	0.019029
10129	0.007267
10144	0.043442
10176	0.029774
10179	0.068586
10293	0.014866
10299	0.014767
10307	0.027585
10319	0.020935
10327	0.014389
10358	0.013409
10359	0.018901
10397	0.008124
10418	0.028078
10471	0.059754
10581	0.011584
10590	0.013192
10610	0.012355
10665	0.029774
10666	0.023858
10685	0.019225
10727	0.005898
10732	0.023390
10734	0.019699
10785	0.051619
10788	0.012985
10799	0.009712
10800	0.057717
10802	0.014039
10832	0.008346
10835	0.007958
10862	0.007012
10932	0.055353
11011	0.008346
11038	0.009293
11054	0.019909
11055	0.016395
11088	0.011018
11096	0.014574
11189	0.066093
11320	0.010766
11349	0.029149
11352	0.014039
11402	0.015178
11440	0.008422
11453	0.023858
11499	0.026385
11504	0.022671
11523	0.019398
11529	0.026501
11538	0.009082
11564	0.025447
11568	0.009450
11574	0.017484
11585	0.020259
11599	0.009884
11621	0.029774
11629	0.010247
11696	0.033047
11710	0.023858
11774	0.017847
11798	0.012985
11859	0.013187
11860	0.019143
11868	0.011071
11968	0.012238
12054	0.015628
12055	0.033047
12131	0.021617
12161	0.023087
12215	0.005281
12255	0.022052
12256	0.009201
12263	0.011857
12287	0.012985
12327	0.023544
12371	0.006490
12379	0.015398
12423	0.025319
12454	0.012852
12456	0.015072
12494	0.012985
12553	0.013409
12606	0.008552
12626	0.015456
12651	0.018241
12670	0.033663
12790	0.022671
12838	0.033047
12843	0.033047
12858	0.017484
12875	0.033047
12894	0.033047
12933	0.033047
12964	0.002809
12970	0.005989
12984	0.015747
13037	0.018040
13158	0.033663
13168	0.017847
13243	0.012985
13244	0.026962
13259	0.022697
13268	0.013192
13283	0.022671
13284	0.019217
13320	0.007775
13368	0.023228
13388	0.007287
13412	0.009112
13441	0.008005
13453	0.033047
13454	0.142076
13469	0.030297
13479	0.027859
13483	0.010286
13492	0.009612
13524	0.012660
13533	0.009679
13550	0.026501
13552	0.011026
13571	0.023390
13573	0.052680
13598	0.011304
13606	0.019668
13674	0.011478
13701	0.011799
