356
t_index	tf-idf
42	0.043011
218	0.059542
287	0.074250
400	0.028586
455	0.033179
482	0.030990
483	0.034346
490	0.023726
514	0.212336
518	0.041078
524	0.019762
536	0.032960
621	0.081725
667	0.023636
684	0.008816
737	0.019039
745	0.047887
798	0.020144
804	0.015133
819	0.044191
857	0.088451
956	0.044259
974	0.019156
1021	0.066358
1024	0.028304
1064	0.030127
1096	0.015461
1109	0.034102
1129	0.060045
1201	0.042467
1254	0.033630
1279	0.020015
1323	0.047038
1349	0.032777
1353	0.062022
1355	0.021020
1438	0.059542
1442	0.062594
1449	0.148617
1474	0.031929
1527	0.036530
1553	0.054738
1598	0.093473
1788	0.026393
1841	0.178424
1851	0.200499
1976	0.016282
2036	0.027242
2043	0.047887
2066	0.019039
2181	0.027242
2188	0.050997
2270	0.029329
2345	0.017173
2383	0.056253
2433	0.074961
2438	0.034102
2439	0.041950
2481	0.053605
2495	0.046251
2508	0.043585
2518	0.053984
2576	0.024095
2636	0.106972
2640	0.065924
2646	0.029484
2746	0.033402
2750	0.019762
2773	0.039283
2801	0.044835
2833	0.010926
2852	0.010422
2898	0.043585
2932	0.022366
2943	0.031929
2947	0.023370
2963	0.055241
2964	0.024976
2980	0.041456
3066	0.104055
3084	0.025078
3121	0.027882
3141	0.020144
3148	0.025606
3154	0.017520
3162	0.033402
3210	0.020880
3240	0.053605
3265	0.171525
3285	0.019156
3327	0.023817
3333	0.016695
3403	0.036942
3469	0.056607
3488	0.071881
3599	0.032536
3608	0.037481
3636	0.017673
3695	0.037154
3708	0.044835
3712	0.047038
3773	0.047038
3789	0.059542
3801	0.019156
3809	0.038525
3811	0.073142
3870	0.018865
3966	0.024478
4016	0.065492
4076	0.037818
4126	0.121176
4154	0.013354
4189	0.033402
4232	0.043585
4244	0.023636
4254	0.033862
4308	0.019215
4349	0.017370
4401	0.024575
4415	0.046251
4435	0.057175
4478	0.026162
4492	0.034640
4519	0.048810
4542	0.038077
4583	0.040984
4592	0.036231
4604	0.065920
4641	0.034102
4659	0.123959
4690	0.018527
4732	0.033864
4734	0.049117
4738	0.016104
4793	0.024095
4794	0.041456
4875	0.043011
4892	0.026748
4925	0.107210
4956	0.026748
4988	0.033862
5008	0.023726
5048	0.038525
5051	0.019951
5052	0.023909
5129	0.036577
5215	0.045519
5238	0.036942
5279	0.106146
5311	0.011918
5369	0.047887
5378	0.041899
5385	0.035940
5431	0.047038
5472	0.037481
5484	0.017828
5502	0.028877
5508	0.027369
5541	0.020208
5547	0.048810
5595	0.022052
5596	0.034851
5686	0.039555
5691	0.081969
5719	0.033671
5734	0.026748
5750	0.015133
5764	0.023110
5847	0.053605
5862	0.037818
5888	0.057754
5970	0.023110
6049	0.013987
6061	0.034596
6076	0.147418
6077	0.098881
6219	0.034248
6474	0.052188
6501	0.062594
6612	0.062594
6641	0.055241
6662	0.047887
6663	0.048810
6683	0.038897
6686	0.015799
6757	0.062594
6795	0.044835
6844	0.048191
6856	0.008253
6925	0.018307
6937	0.015885
6941	0.035940
7008	0.033864
7027	0.012192
7080	0.017271
7088	0.032746
7118	0.017320
7140	0.017075
7183	0.040533
7208	0.062594
7255	0.013987
7279	0.035113
7302	0.033179
7489	0.014933
7700	0.014430
7745	0.039400
7796	0.021020
7947	0.055241
7961	0.052410
7979	0.015628
8012	0.053605
8090	0.020274
8117	0.012693
8165	0.052561
8175	0.054738
8206	0.010658
8216	0.012223
8227	0.032654
8399	0.085799
8464	0.008402
8537	0.006561
8562	0.032746
8567	0.053605
8571	0.020339
8607	0.023909
8625	0.125189
8672	0.057175
8784	0.038165
8808	0.138754
8841	0.030812
8856	0.032207
8972	0.043419
9088	0.040533
9122	0.017222
9130	0.023025
9137	0.038525
9297	0.035382
9374	0.030636
9386	0.036530
9464	0.032536
9475	0.062594
9512	0.026869
9553	0.068820
9586	0.018865
9595	0.050939
9600	0.133142
9611	0.053605
9694	0.062594
9708	0.026869
9712	0.062594
9735	0.062594
9792	0.019951
9862	0.045217
9935	0.020880
9979	0.030127
10025	0.033864
10040	0.021315
10056	0.028165
10060	0.144011
10061	0.032960
10257	0.030636
10327	0.032330
10337	0.037154
10355	0.025606
10377	0.060927
10395	0.036231
10411	0.053605
10418	0.031543
10423	0.041485
10471	0.047639
10540	0.059542
10610	0.027759
10658	0.045519
10704	0.020274
10743	0.057175
10799	0.021822
10841	0.016463
10862	0.031512
10932	0.041456
10937	0.047038
10941	0.041456
11038	0.020880
11105	0.055241
11154	0.091039
11173	0.062594
11186	0.049821
11213	0.017622
11221	0.080199
11325	0.048004
11393	0.024285
11459	0.032128
11522	0.023110
11545	0.034633
11568	0.021233
11629	0.046045
11698	0.019394
11859	0.014815
11887	0.025392
11888	0.157659
11938	0.042467
11968	0.027497
12040	0.029641
12061	0.050939
12064	0.164825
12081	0.043585
12124	0.141527
12126	0.062594
12153	0.040100
12175	0.119085
12183	0.057175
12215	0.005932
12225	0.016695
12254	0.022208
12256	0.020674
12263	0.026640
12275	0.055241
12301	0.017075
12358	0.013185
12371	0.014583
12375	0.028028
12388	0.035940
12405	0.039684
12410	0.034851
12423	0.028444
12444	0.048569
12463	0.065492
12487	0.032128
12553	0.030127
12560	0.030127
12573	0.041950
12582	0.040287
12626	0.006945
12680	0.107821
12754	0.062594
12831	0.011369
12970	0.026914
13080	0.014659
13158	0.037818
13187	0.066896
13244	0.015145
13273	0.057754
13285	0.018527
13343	0.013701
13359	0.035113
13371	0.116005
13419	0.047635
13425	0.032960
13469	0.022690
13551	0.091908
13557	0.044835
13573	0.013152
13576	0.043493
13583	0.015928
13613	0.081066
13701	0.026510
13758	0.038897
