390
t_index	tf-idf
28	0.015623
76	0.023335
87	0.014149
93	0.019932
391	0.031291
411	0.017190
416	0.016431
503	0.008366
572	0.016360
730	0.022928
746	0.014902
782	0.015193
899	0.022222
931	0.025185
947	0.093269
1051	0.017519
1058	0.022573
1078	0.013202
1085	0.013028
1096	0.079740
1099	0.027755
1100	0.052845
1144	0.016360
1212	0.037397
1214	0.046634
1225	0.021122
1234	0.059081
1244	0.019812
1308	0.046634
1325	0.031291
1341	0.029131
1364	0.024924
1486	0.031291
1513	0.020701
1565	0.024903
1568	0.074018
1626	0.049950
1663	0.037397
1681	0.046634
1688	0.007357
1702	0.010226
1762	0.017110
1763	0.041677
1918	0.027036
1919	0.031993
1935	0.023133
1995	0.018420
2000	0.023752
2016	0.021889
2070	0.010786
2154	0.019578
2280	0.027755
2301	0.022756
2359	0.028159
2386	0.042245
2431	0.046634
2545	0.046634
2546	0.186537
2560	0.019156
2580	0.032729
2585	0.021572
2608	0.042016
2638	0.020839
2665	0.017604
2667	0.015623
2669	0.022222
2760	0.093269
2821	0.061312
2864	0.017512
2889	0.016083
2907	0.017352
2947	0.013565
2993	0.017865
3008	0.016800
3042	0.021122
3050	0.017435
3053	0.047504
3055	0.028589
3062	0.034695
3063	0.046634
3074	0.010485
3141	0.011601
3199	0.025457
3308	0.023335
3339	0.014355
3352	0.022395
3401	0.027014
3433	0.026672
3529	0.012031
3566	0.034379
3567	0.018045
3639	0.035910
3641	0.026016
3650	0.030656
3675	0.023137
3726	0.037516
3735	0.021122
3762	0.013998
3783	0.034695
3791	0.039314
3810	0.016800
3813	0.021572
3881	0.008387
3888	0.015560
3892	0.016504
3897	0.039387
3898	0.070758
3980	0.022943
4035	0.024211
4076	0.010910
4082	0.012106
4111	0.035553
4118	0.020701
4192	0.028159
4219	0.010878
4244	0.023540
4247	0.006182
4317	0.018137
4379	0.033668
4381	0.021633
4407	0.007321
4427	0.031993
4441	0.009404
4458	0.019812
4462	0.010283
4466	0.020229
4554	0.010816
4555	0.017435
4621	0.016800
4682	0.027755
4693	0.015623
4755	0.018032
4790	0.083266
4809	0.014568
4832	0.033789
4859	0.022973
4917	0.024196
4937	0.027014
4950	0.027374
4968	0.011601
5042	0.022138
5056	0.023335
5134	0.026944
5135	0.022756
5266	0.031993
5279	0.016689
5304	0.028589
5315	0.066264
5328	0.013850
5351	0.022573
5382	0.048869
5419	0.016562
5621	0.022573
5631	0.046634
5746	0.027755
5753	0.039314
5898	0.046634
5903	0.016576
6036	0.046634
6038	0.023137
6078	0.034695
6137	0.030656
6147	0.042837
6204	0.014902
6243	0.019027
6254	0.046634
6255	0.139903
6329	0.028297
6397	0.046634
6398	0.042016
6453	0.020979
6461	0.047253
6589	0.041469
6653	0.019464
6656	0.011036
6670	0.039907
6675	0.030076
6706	0.016431
6713	0.015017
6741	0.021269
6746	0.070490
6751	0.017352
6760	0.022973
6807	0.038448
6813	0.021694
6876	0.021449
6899	0.019133
6900	0.026492
6901	0.028196
6905	0.029543
6916	0.022756
6930	0.028159
7033	0.014902
7074	0.078840
7092	0.023088
7097	0.024673
7129	0.471349
7208	0.074793
7225	0.009379
7228	0.023971
7270	0.018518
7300	0.022996
7341	0.017435
7409	0.024591
7420	0.046634
7438	0.018127
7453	0.011636
7457	0.545911
7497	0.078627
7601	0.022200
7603	0.015313
7622	0.019111
7664	0.017519
7709	0.013202
7744	0.039314
7760	0.020305
7792	0.037397
7799	0.024484
7853	0.015944
7855	0.028589
7858	0.041958
7884	0.012068
7889	0.015017
7902	0.011004
7939	0.013565
7943	0.020081
7997	0.011464
8079	0.018420
8101	0.017352
8173	0.021269
8209	0.014678
8280	0.012362
8299	0.015315
8318	0.021728
8319	0.047251
8417	0.026347
8587	0.083355
8599	0.047251
8600	0.030656
8611	0.046634
8615	0.186537
8616	0.046634
8622	0.062582
8674	0.015193
8676	0.033668
8714	0.021816
8750	0.015313
8819	0.092546
8870	0.009923
8895	0.018518
8896	0.033668
8938	0.021882
8944	0.052134
8977	0.032720
9000	0.030505
9002	0.010226
9021	0.046634
9037	0.046634
9050	0.024405
9128	0.032374
9167	0.022054
9178	0.031993
9213	0.029049
9234	0.015751
9260	0.019242
9295	0.025716
9337	0.018717
9381	0.037397
9384	0.010910
9489	0.014408
9593	0.054749
9595	0.015623
9599	0.015948
9650	0.014200
9687	0.046634
9708	0.015134
9716	0.018922
9749	0.021889
9770	0.016025
9815	0.021418
9822	0.024430
9823	0.018325
9852	0.017110
9862	0.019812
9935	0.046634
9968	0.032778
9994	0.023137
10160	0.011464
10234	0.013600
10288	0.040611
10346	0.044955
10387	0.020054
10495	0.011671
10499	0.013899
10501	0.014048
10575	0.082805
10577	0.050859
10627	0.019792
10748	0.020178
10818	0.014048
10846	0.027014
10852	0.023321
10876	0.022573
10929	0.046634
10934	0.046634
10958	0.072040
10985	0.050371
11041	0.022756
11050	0.037397
11058	0.027014
11089	0.045224
11137	0.084031
11158	0.015253
11169	0.019133
11177	0.019694
11305	0.025632
11365	0.027896
11395	0.028920
11432	0.017519
11465	0.036543
11495	0.016504
11512	0.040357
11582	0.016360
11627	0.018610
11684	0.037397
11721	0.023752
11763	0.007793
11774	0.012985
11863	0.036274
11864	0.012412
11920	0.015816
11958	0.033668
11980	0.026082
11990	0.031456
12019	0.013948
12020	0.015560
12050	0.042016
12059	0.035910
12092	0.005537
12164	0.010816
12167	0.012531
12174	0.024924
12193	0.022573
12210	0.061010
12243	0.024673
12284	0.016229
12372	0.012068
12382	0.019464
12437	0.023752
12460	0.039314
12525	0.019932
12709	0.021418
12731	0.007929
12745	0.025356
12881	0.015687
12909	0.037397
12943	0.013028
12972	0.022943
12973	0.033668
12976	0.032165
12990	0.011958
12994	0.018818
13011	0.023100
13050	0.031993
13051	0.018079
13052	0.046544
13110	0.034421
13140	0.021368
13141	0.018818
13184	0.028922
13185	0.014959
13207	0.016431
13246	0.043544
13266	0.043143
13283	0.022395
13296	0.013658
13334	0.016504
13339	0.013658
13346	0.020008
13362	0.010341
13382	0.030656
13386	0.020701
13389	0.021889
13434	0.021596
13468	0.016953
13470	0.053345
13475	0.046634
13477	0.046634
13480	0.035730
13481	0.057004
