383
t_index	tf-idf
306	0.029545
366	0.017758
370	0.029811
389	0.020991
393	0.093964
401	0.023748
459	0.043545
508	0.025326
610	0.058530
640	0.063832
659	0.018632
684	0.020849
687	0.021574
782	0.021000
804	0.011929
807	0.058530
845	0.076952
850	0.020533
865	0.014517
867	0.020445
868	0.014388
925	0.014916
967	0.014648
1060	0.021325
1066	0.078546
1158	0.018700
1208	0.031610
1318	0.030369
1335	0.028331
1339	0.018847
1349	0.017225
1353	0.016297
1355	0.016569
1362	0.032701
1373	0.140112
1514	0.045070
1521	0.024865
1553	0.064723
1619	0.024374
1670	0.058530
1749	0.027679
1769	0.018083
1801	0.018775
1962	0.018468
1976	0.012835
1993	0.035012
2016	0.016138
2036	0.021474
2069	0.117060
2162	0.024865
2194	0.033933
2232	0.082278
2345	0.027074
2347	0.022648
2413	0.023357
2458	0.029811
2463	0.019529
2523	0.045070
2532	0.058530
2549	0.035691
2556	0.018017
2572	0.028560
2582	0.033476
2624	0.025982
2657	0.026510
2660	0.027891
2711	0.039273
2725	0.028108
2739	0.013050
2750	0.046735
2756	0.034357
2778	0.043545
2833	0.043062
2837	0.027074
2842	0.033905
2852	0.024647
2859	0.027679
2862	0.024014
2875	0.033905
2937	0.022094
2943	0.050338
2947	0.036844
2968	0.033068
3042	0.036459
3121	0.014653
3178	0.077160
3181	0.020100
3206	0.017025
3219	0.028331
3252	0.067266
3261	0.014737
3267	0.042170
3402	0.017951
3496	0.022422
3543	0.040154
3551	0.035342
3563	0.040154
3605	0.061869
3636	0.013931
3658	0.025813
3769	0.022750
3823	0.027679
3880	0.019688
3895	0.024288
3910	0.065304
3914	0.027271
3966	0.019295
4143	0.025813
4174	0.017822
4190	0.027679
4235	0.014781
4249	0.046936
4314	0.019372
4319	0.032307
4336	0.041139
4355	0.015194
4401	0.019372
4416	0.037263
4476	0.022311
4520	0.007759
4678	0.027564
4740	0.046936
4794	0.032679
4988	0.013346
5026	0.011316
5051	0.031454
5061	0.069670
5080	0.018284
5125	0.035137
5237	0.049342
5254	0.066136
5311	0.028184
5378	0.066057
5484	0.014053
5507	0.149626
5508	0.086297
5548	0.020947
5584	0.012475
5595	0.017383
5647	0.030085
5671	0.017142
5719	0.013271
5755	0.011025
5873	0.049342
5961	0.016405
6005	0.052149
6049	0.011025
6069	0.093845
6076	0.046483
6099	0.030662
6167	0.020805
6201	0.035882
6235	0.042256
6413	0.053764
6470	0.018703
6509	0.023880
6621	0.022999
6650	0.075388
6686	0.012454
6720	0.026330
6728	0.237225
6856	0.019518
6867	0.024288
6901	0.031951
6913	0.021656
6914	0.029038
6925	0.014431
6937	0.012522
6987	0.020533
6989	0.105466
7027	0.009611
7045	0.048891
7061	0.034835
7140	0.040380
7161	0.021987
7255	0.011025
7297	0.018703
7308	0.014303
7311	0.023858
7337	0.014136
7353	0.009659
7489	0.011771
7526	0.022534
7534	0.023241
7535	0.035342
7542	0.049342
7546	0.015529
7564	0.028862
7671	0.030864
7719	0.368934
7733	0.079531
7736	0.100428
7853	0.057657
7865	0.019219
7916	0.017322
7927	0.219873
7952	0.028108
7972	0.016569
8001	0.040154
8117	0.020011
8121	0.105321
8165	0.041433
8184	0.117819
8202	0.034049
8221	0.024572
8259	0.014388
8420	0.058530
8462	0.035903
8528	0.018017
8537	0.031030
8556	0.028833
8574	0.044844
8577	0.059304
8598	0.017758
8607	0.018847
8620	0.034835
8856	0.012694
8861	0.029811
8884	0.017202
8933	0.057204
8972	0.006845
8998	0.035882
9007	0.039273
9012	0.030966
9061	0.024150
9138	0.038476
9143	0.025326
9180	0.049342
9193	0.046936
9196	0.027463
9199	0.020533
9259	0.012835
9289	0.025813
9303	0.040841
9365	0.017951
9373	0.028560
9377	0.075459
9380	0.026844
9383	0.045068
9397	0.035882
9415	0.035882
9450	0.072918
9508	0.030085
9515	0.017822
9521	0.026510
9529	0.035342
9531	0.042256
9542	0.016138
9567	0.087090
9586	0.014871
9588	0.137282
9631	0.013692
9649	0.024014
9655	0.026882
9699	0.052733
9726	0.058530
9798	0.053388
9811	0.020016
9837	0.017822
9847	0.105321
9934	0.071245
9935	0.016459
10040	0.008401
10047	0.023619
10053	0.030369
10073	0.029811
10075	0.028796
10085	0.025813
10100	0.016851
10204	0.014219
10226	0.024717
10355	0.080740
10403	0.027151
10422	0.197465
10423	0.049052
10464	0.025016
10471	0.017070
10581	0.005129
10704	0.063925
10727	0.010447
10730	0.073240
10734	0.034889
10736	0.035262
10771	0.036459
10810	0.025982
10812	0.106387
10813	0.068290
10835	0.014095
11032	0.058530
11038	0.065837
11055	0.029038
11059	0.027473
11115	0.021676
11194	0.018083
11317	0.035342
11320	0.019068
11342	0.046936
11344	0.253256
11369	0.030369
11388	0.018491
11404	0.024014
11438	0.022311
11503	0.025982
11522	0.054651
11545	0.021840
11550	0.059064
11599	0.052518
11629	0.045371
11656	0.023491
11658	0.015336
11698	0.015288
11714	0.064125
11739	0.022763
11814	0.020533
11859	0.058391
11994	0.039125
11995	0.035903
12093	0.015578
12096	0.019372
12187	0.042256
12188	0.022311
12212	0.037079
12214	0.029038
12215	0.046764
12223	0.015727
12225	0.026320
12260	0.019688
12311	0.040541
12327	0.006950
12358	0.072754
12397	0.013575
12401	0.015727
12456	0.053388
12457	0.031951
12487	0.025326
12490	0.037079
12518	0.020369
12520	0.021676
12553	0.023748
12612	0.058530
12616	0.024429
12626	0.010950
12874	0.069670
12964	0.009951
12970	0.031824
13055	0.040154
13080	0.069334
13159	0.039057
13175	0.016351
13194	0.043975
13208	0.040370
13222	0.030016
13244	0.005116
13259	0.020100
13268	0.023365
13284	0.090764
13285	0.029208
13320	0.041314
13343	0.043201
13357	0.022422
13374	0.023619
13379	0.036459
13388	0.077436
13418	0.054449
13419	0.056324
13425	0.025982
13426	0.043545
13429	0.061932
13442	0.041246
13444	0.049342
13454	0.015727
13462	0.023241
13554	0.054945
13555	0.027074
13571	0.020713
13573	0.010367
13576	0.017142
13583	0.087892
13598	0.020021
13674	0.020329
13723	0.022422
13724	0.089432
13758	0.030662
