546
t_index	tf-idf
134	0.038353
227	0.028141
297	0.024379
306	0.026022
310	0.072655
351	0.024197
358	0.029785
361	0.015986
370	0.026256
386	0.107931
387	0.036170
403	0.082585
411	0.043458
415	0.023677
418	0.033200
436	0.062070
445	0.019002
447	0.046445
466	0.023349
472	0.032657
482	0.021516
492	0.019002
518	0.014260
524	0.027441
534	0.033888
553	0.019847
576	0.023191
585	0.042301
608	0.023677
667	0.032820
677	0.069927
684	0.012242
717	0.120307
728	0.046445
782	0.009248
797	0.031603
798	0.027971
804	0.010506
850	0.018085
868	0.063362
881	0.031128
886	0.022884
895	0.021270
898	0.060456
899	0.047353
925	0.026276
947	0.046445
956	0.015364
967	0.038704
974	0.039899
1010	0.012672
1023	0.028141
1029	0.049513
1059	0.031603
1060	0.169039
1067	0.021642
1069	0.033247
1079	0.025796
1178	0.024565
1185	0.046445
1187	0.025576
1270	0.025362
1279	0.027792
1309	0.039302
1335	0.008318
1349	0.030342
1355	0.029187
1402	0.032657
1480	0.018655
1521	0.043800
1530	0.101967
1592	0.115309
1619	0.032202
1757	0.042065
1776	0.021900
1782	0.021516
1824	0.032657
1841	0.013764
1872	0.051591
1881	0.046445
1895	0.035556
1962	0.016266
1976	0.045218
1983	0.028802
2004	0.043458
2016	0.014213
2024	0.027274
2066	0.013218
2111	0.031168
2124	0.037217
2134	0.019002
2138	0.028455
2148	0.015151
2204	0.033888
2206	0.043458
2266	0.012672
2337	0.026022
2357	0.015754
2366	0.193574
2383	0.039056
2387	0.021900
2413	0.061715
2497	0.197102
2504	0.051551
2511	0.205519
2605	0.039696
2655	0.016473
2695	0.030260
2739	0.022988
2750	0.013721
2833	0.007585
2852	0.014472
2881	0.063207
2932	0.062115
2939	0.017270
2942	0.032112
3066	0.014449
3121	0.012905
3141	0.013985
3148	0.017778
3154	0.012164
3158	0.020802
3180	0.047353
3183	0.023036
3210	0.028994
3219	0.024953
3239	0.031603
3285	0.039899
3287	0.025576
3301	0.023349
3316	0.051152
3325	0.033247
3327	0.033072
3333	0.057954
3341	0.032112
3344	0.031603
3347	0.017556
3358	0.051551
3403	0.025649
3442	0.040725
3446	0.024379
3526	0.055104
3572	0.027552
3597	0.024019
3658	0.045470
3679	0.050383
3801	0.013300
3822	0.079343
3823	0.024379
3832	0.027006
3833	0.046445
3868	0.019651
3870	0.039293
3878	0.026256
3946	0.022033
3959	0.033072
4000	0.020736
4014	0.027841
4016	0.022735
4035	0.027274
4036	0.030729
4084	0.018571
4085	0.033247
4108	0.035366
4122	0.031128
4145	0.028141
4154	0.009272
4158	0.018826
4174	0.062787
4184	0.036234
4222	0.024197
4235	0.039056
4244	0.032820
4251	0.047692
4254	0.176323
4262	0.019847
4269	0.025576
4308	0.026681
4326	0.016600
4349	0.024119
4383	0.026022
4401	0.017062
4411	0.015257
4417	0.042540
4478	0.018164
4520	0.006834
4593	0.020152
4602	0.022884
4613	0.050309
4624	0.033247
4663	0.043458
4678	0.048554
4692	0.029125
4738	0.011181
4809	0.020917
4826	0.011957
4830	0.034590
4835	0.019554
4932	0.031128
4938	0.032657
4956	0.037142
4988	0.023510
5008	0.016473
5019	0.021033
5067	0.089587
5081	0.029862
5117	0.020802
5127	0.021270
5129	0.008465
5172	0.043458
5177	0.041339
5215	0.031603
5238	0.076946
5256	0.019273
5270	0.082679
5283	0.072655
5311	0.008274
5366	0.035366
5410	0.035407
5484	0.049511
5494	0.022168
5512	0.024019
5535	0.035366
5536	0.053495
5548	0.046122
5550	0.041339
5584	0.021975
5607	0.024953
5616	0.027552
5648	0.018007
5671	0.015098
5676	0.030729
5695	0.037217
5719	0.011689
5734	0.055713
5750	0.010506
5755	0.029132
5764	0.032090
5859	0.039109
5893	0.036234
5962	0.027006
5970	0.048134
6011	0.030681
6021	0.021516
6024	0.041339
6042	0.033247
6049	0.029132
6069	0.027552
6080	0.019366
6125	0.014030
6139	0.056854
6140	0.021033
6156	0.026498
6196	0.034967
6201	0.031603
6202	0.025796
6210	0.017200
6256	0.040286
6264	0.015310
6274	0.084424
6275	0.074435
6295	0.061738
6299	0.028455
6306	0.060147
6373	0.031128
6438	0.058969
6470	0.016473
6474	0.036234
6492	0.029862
6596	0.015640
6610	0.024565
6645	0.020604
6650	0.033200
6686	0.010969
6689	0.015046
6765	0.031603
6786	0.018655
6845	0.026256
6856	0.005730
6866	0.012786
6911	0.013341
6920	0.021516
6923	0.024399
6925	0.012710
6949	0.033247
6980	0.033072
7027	0.025395
7035	0.024953
7045	0.028707
7051	0.019002
7063	0.035707
7074	0.014167
7080	0.023982
7088	0.022735
7118	0.024050
7256	0.024019
7308	0.012598
7338	0.018571
7410	0.030681
7489	0.010368
7527	0.020363
7536	0.018243
7546	0.013677
7564	0.038130
7573	0.023845
7602	0.030681
7605	0.019273
7651	0.079928
7671	0.013592
7700	0.030057
7796	0.014594
7797	0.089784
7798	0.022033
7853	0.033854
7885	0.010563
7899	0.076087
7942	0.119449
7962	0.024953
8042	0.016104
8117	0.026438
8128	0.034125
8132	0.080459
8150	0.016600
8159	0.026498
8160	0.036234
8175	0.019002
8199	0.042540
8216	0.016972
8261	0.043458
8336	0.041158
8364	0.029484
8407	0.028782
8428	0.023511
8443	0.061738
8462	0.015811
8463	0.016225
8464	0.087500
8537	0.054660
8556	0.016930
8566	0.010368
8571	0.084728
8585	0.098261
8598	0.031281
8607	0.016600
8623	0.018914
8727	0.027841
8763	0.026022
8791	0.046698
8856	0.022361
8860	0.021392
8933	0.050383
8964	0.047692
8971	0.175842
8974	0.037217
9005	0.082760
9010	0.021392
9066	0.027841
9081	0.036234
9128	0.010969
9172	0.021770
9185	0.026356
9242	0.054710
9255	0.027841
9259	0.022609
9289	0.045470
9296	0.027841
9303	0.017986
9334	0.029862
9357	0.039696
9358	0.038353
9367	0.041339
9377	0.025562
9380	0.011822
9383	0.019847
9386	0.025362
9393	0.021642
9441	0.017629
9479	0.027006
9512	0.037310
9553	0.031854
9580	0.029484
9616	0.027552
9631	0.012060
9665	0.017556
9675	0.035366
9682	0.028141
9708	0.055965
9811	0.017629
9838	0.029989
9920	0.113152
9935	0.043490
9961	0.036234
9966	0.019748
9967	0.017629
9989	0.008857
9992	0.049130
10012	0.034590
10025	0.023511
10040	0.014799
10048	0.032573
10075	0.025362
10077	0.028141
10086	0.054029
10088	0.018324
10100	0.014842
10101	0.026747
10110	0.053495
10124	0.031128
10127	0.027841
10129	0.034007
10222	0.046445
10226	0.021770
10234	0.024197
10278	0.020152
10303	0.051551
10327	0.022446
10337	0.025796
10353	0.031128
10359	0.029484
10457	0.039696
10466	0.024019
10471	0.093212
10474	0.043995
10491	0.024756
10513	0.035366
10569	0.073951
10573	0.020579
10581	0.004518
10610	0.038546
10651	0.031128
10670	0.046445
10718	0.028613
10727	0.046005
10791	0.079635
10796	0.041339
10832	0.013019
10841	0.011430
10862	0.043756
10959	0.166218
10988	0.018243
11011	0.026037
11038	0.014497
11054	0.015529
11088	0.034373
11116	0.014692
11185	0.027274
11214	0.027841
11314	0.046445
11332	0.018085
11339	0.057565
11344	0.022306
11363	0.020579
11402	0.047353
11439	0.029125
11477	0.028782
11492	0.023846
11522	0.016045
11533	0.079391
11545	0.057709
11559	0.048675
11568	0.014741
11658	0.040521
11714	0.018826
11737	0.047022
11803	0.033888
11814	0.036170
11816	0.015754
11894	0.015046
11898	0.025155
11968	0.019091
11994	0.025845
11995	0.015811
12034	0.024953
12064	0.032696
12073	0.024019
12093	0.013721
12123	0.027841
12149	0.104900
12150	0.037242
12161	0.018007
12215	0.032950
12225	0.011591
12254	0.015419
12260	0.069361
12263	0.018496
12301	0.047420
12311	0.035707
12327	0.024484
12340	0.022033
12410	0.024197
12453	0.023191
12459	0.023036
12461	0.023511
12494	0.020257
12502	0.073695
12504	0.025576
12518	0.008970
12537	0.132988
12560	0.020917
12626	0.014466
12651	0.028455
12670	0.026256
12831	0.047360
12926	0.034590
12945	0.024379
12964	0.039440
12970	0.018686
12994	0.032112
13000	0.025796
13080	0.010178
13083	0.028141
13107	0.018405
13111	0.043458
13131	0.034590
13159	0.034400
13175	0.043203
13227	0.023511
13237	0.025362
13243	0.020257
13244	0.043561
13262	0.026256
13284	0.009993
13304	0.067978
13314	0.019554
13320	0.048517
13325	0.017703
13330	0.016729
13334	0.033888
13343	0.009512
13369	0.030681
13373	0.023621
13388	0.011367
13403	0.037217
13418	0.015986
13454	0.041555
13492	0.014995
13495	0.036234
13534	0.036234
13583	0.033177
13585	0.028455
13594	0.042784
13598	0.029390
13674	0.005968
13681	0.100625
13682	0.015811
13690	0.013941
