388
t_index	tf-idf
17	0.054833
82	0.025866
87	0.050614
105	0.026452
107	0.024949
108	0.029263
110	0.029914
124	0.111356
156	0.033478
243	0.044402
288	0.054833
345	0.034223
394	0.025126
401	0.026553
408	0.029713
438	0.041714
474	0.075151
503	0.029928
524	0.068064
525	0.017000
535	0.050367
586	0.020689
589	0.020505
607	0.037028
616	0.034417
622	0.032607
623	0.038310
646	0.063773
676	0.024861
687	0.020875
694	0.021520
780	0.045586
816	0.052105
849	0.022485
911	0.070319
961	0.033122
993	0.041038
1002	0.044970
1013	0.038584
1057	0.028058
1078	0.023614
1113	0.042484
1197	0.035869
1203	0.060370
1253	0.109993
1265	0.039152
1314	0.106616
1320	0.021001
1339	0.053796
1341	0.086842
1348	0.105675
1401	0.083413
1494	0.025771
1499	0.040375
1500	0.035436
1512	0.029649
1525	0.026756
1626	0.029781
1652	0.034614
1702	0.036583
1708	0.037028
1741	0.022998
1753	0.028888
1825	0.066890
1836	0.025216
1872	0.024515
1991	0.020505
2082	0.025490
2093	0.035869
2109	0.021065
2139	0.049929
2154	0.035019
2171	0.044131
2179	0.041038
2197	0.027831
2227	0.035436
2240	0.095260
2250	0.046042
2363	0.037524
2368	0.045535
2369	0.049373
2373	0.036551
2375	0.033122
2384	0.026654
2405	0.033478
2429	0.050614
2454	0.040058
2461	0.047708
2468	0.018598
2500	0.032441
2580	0.035125
2660	0.025126
2809	0.023379
2864	0.010441
2882	0.045258
2884	0.036092
2895	0.019682
2912	0.031335
2919	0.021992
2951	0.046913
3008	0.030049
3026	0.043039
3074	0.056264
3078	0.029914
3079	0.042484
3087	0.028407
3099	0.028888
3107	0.075151
3124	0.070319
3141	0.020751
3179	0.065896
3263	0.044581
3315	0.047708
3341	0.042106
3363	0.027498
3477	0.268980
3497	0.016211
3529	0.021520
3530	0.021001
3551	0.025677
3598	0.021193
3631	0.045535
3682	0.042484
3685	0.160538
3810	0.030049
3834	0.057225
3872	0.091069
3930	0.037524
3940	0.046042
3968	0.021065
3977	0.026553
3987	0.095101
4001	0.051959
4014	0.049645
4039	0.038042
4040	0.066890
4061	0.050367
4076	0.019513
4124	0.026654
4144	0.103250
4209	0.034614
4219	0.019458
4320	0.032607
4360	0.064230
4381	0.038693
4407	0.013094
4419	0.020813
4466	0.018091
4537	0.033844
4546	0.043697
4554	0.096734
4601	0.052842
4699	0.050367
4707	0.083413
4714	0.031640
4717	0.038040
4748	0.102097
4809	0.013029
4832	0.020145
4859	0.013697
4963	0.028058
4968	0.020751
4999	0.093143
5013	0.029390
5042	0.013199
5134	0.024097
5142	0.028645
5215	0.020028
5267	0.043279
5328	0.024773
5404	0.024430
5409	0.024861
5419	0.014812
5422	0.066890
5469	0.030049
5473	0.043279
5479	0.032948
5500	0.025962
5595	0.031640
5621	0.080751
5746	0.049645
5787	0.015713
5875	0.114991
5903	0.029649
5909	0.044581
5943	0.062057
5992	0.130371
6000	0.024773
6010	0.045535
6031	0.033298
6041	0.032441
6158	0.055969
6205	0.042484
6225	0.040375
6329	0.025307
6343	0.039748
6378	0.022226
6422	0.024346
6519	0.060370
6557	0.047126
6595	0.022998
6599	0.020689
6663	0.053796
6670	0.017845
6706	0.029390
6731	0.043279
6752	0.038042
6843	0.053796
6897	0.031335
6934	0.072184
7092	0.013766
7125	0.034814
7143	0.039748
7147	0.049645
7198	0.041739
7225	0.033552
7272	0.059038
7300	0.020566
7394	0.025866
7396	0.045048
7409	0.021992
7432	0.025490
7435	0.040058
7438	0.097267
7483	0.022131
7484	0.041038
7534	0.023614
7535	0.036319
7579	0.046042
7601	0.019854
7669	0.060220
7725	0.064230
7799	0.021896
7869	0.092991
7884	0.021586
7902	0.019682
7936	0.034417
7943	0.011973
7954	0.013731
7965	0.018342
8037	0.039748
8077	0.033298
8104	0.047708
8138	0.024097
8186	0.057225
8210	0.056633
8280	0.029481
8308	0.016776
8313	0.045699
8340	0.050614
8349	0.053719
8365	0.030603
8422	0.021855
8460	0.045048
8487	0.050367
8532	0.054833
8533	0.075561
8618	0.030891
8706	0.038584
8713	0.051732
8714	0.019511
8864	0.019347
8872	0.051732
8895	0.066244
8938	0.039139
8944	0.018650
8984	0.110655
9128	0.008272
9137	0.082076
9144	0.035018
9158	0.026654
9175	0.035018
9269	0.025398
9277	0.057532
9295	0.022998
9384	0.019513
9391	0.031796
9506	0.047708
9650	0.025398
9660	0.063908
9702	0.078466
9708	0.027069
9717	0.023457
9743	0.034417
9770	0.057326
9867	0.043711
10045	0.032607
10102	0.041739
10124	0.047708
10166	0.019347
10234	0.082710
10237	0.053390
10254	0.040058
10283	0.057225
10333	0.020875
10334	0.029914
10346	0.043859
10437	0.058024
10440	0.050367
10450	0.024262
10460	0.066890
10483	0.046298
10492	0.029776
10499	0.024861
10501	0.025126
10566	0.046572
10593	0.039748
10594	0.042484
10600	0.020087
10610	0.041739
10612	0.025398
10679	0.041739
10724	0.103443
10842	0.037524
10852	0.013905
10878	0.031185
10880	0.023772
10949	0.044131
10977	0.059390
11013	0.058629
11020	0.052842
11059	0.086665
11122	0.029390
11153	0.026352
11205	0.021258
11207	0.043697
11258	0.047126
11311	0.062251
11328	0.048963
11334	0.023853
11424	0.021855
11461	0.050367
11488	0.045535
11584	0.076471
11627	0.033286
11642	0.052842
11662	0.048692
11764	0.051166
11803	0.040375
11833	0.052904
11911	0.053796
11919	0.046572
11920	0.056579
11921	0.020087
12065	0.057547
12089	0.064230
12092	0.019809
12105	0.035651
12124	0.029624
12137	0.016382
12141	0.031487
12164	0.019347
12176	0.039152
12206	0.048963
12270	0.041383
12284	0.014514
12313	0.033298
12392	0.023407
12447	0.040375
12533	0.064230
12579	0.064230
12598	0.063859
12731	0.092181
12745	0.030235
12748	0.091204
12862	0.035436
12927	0.027831
12933	0.034614
13011	0.021874
13083	0.094921
13088	0.039252
13097	0.054137
13140	0.012740
13155	0.019402
13169	0.054833
13184	0.025866
13185	0.053513
13206	0.020205
13255	0.024262
13266	0.077169
13336	0.029549
13346	0.053682
13358	0.034614
13362	0.009248
13434	0.009657
13441	0.235182
13442	0.153499
13515	0.043697
