311
t_index	tf-idf
27	0.030162
57	0.301962
62	0.059751
72	0.056091
79	0.017261
87	0.036256
110	0.021428
124	0.047861
125	0.046010
182	0.036630
203	0.037852
287	0.059751
295	0.053833
298	0.050371
383	0.023238
390	0.043442
408	0.007095
428	0.059751
438	0.009960
553	0.044453
572	0.020962
616	0.049307
623	0.027443
676	0.017808
693	0.078791
780	0.043539
782	0.019466
816	0.024883
849	0.016106
1032	0.022777
1057	0.020099
1058	0.028922
1076	0.016637
1142	0.047915
1232	0.040092
1253	0.019698
1341	0.062207
1499	0.202455
1500	0.431525
1501	0.151114
1535	0.046010
1688	0.018853
1702	0.013103
1709	0.016692
1716	0.033758
1753	0.041387
1792	0.015321
1958	0.028256
2069	0.028694
2093	0.025694
2240	0.022746
2278	0.012145
2332	0.020099
2376	0.040092
2449	0.040092
2479	0.031806
2521	0.029644
2560	0.008181
2580	0.033548
2629	0.021821
2792	0.046010
2852	0.063224
2864	0.014958
2884	0.025854
2906	0.080100
2950	0.018806
3028	0.029644
3074	0.013435
3141	0.014864
3146	0.019856
3184	0.020349
3290	0.043137
3298	0.028694
3339	0.055179
3411	0.041997
3436	0.032981
3451	0.026182
3497	0.023225
3529	0.030830
3551	0.018393
3552	0.028256
3561	0.031302
3676	0.025538
3685	0.076665
3712	0.044453
3726	0.012017
3769	0.040992
3886	0.021821
3898	0.022665
3902	0.018194
3927	0.047915
3950	0.023358
3977	0.019020
3978	0.041997
3987	0.027249
4008	0.044453
4014	0.177809
4076	0.013978
4083	0.050371
4203	0.022777
4219	0.013938
4230	0.059751
4232	0.018597
4269	0.045963
4407	0.037518
4419	0.029818
4460	0.027251
4462	0.013175
4466	0.012959
4521	0.019390
4525	0.033361
4537	0.024244
4546	0.031302
4554	0.027717
4693	0.020017
4744	0.059751
4755	0.023104
4813	0.029156
4859	0.029434
4968	0.104049
5016	0.026880
5042	0.009455
5106	0.322998
5134	0.017261
5238	0.021821
5267	0.031002
5314	0.047915
5324	0.025854
5326	0.047915
5411	0.033361
5421	0.059751
5473	0.031002
5500	0.018597
5699	0.053833
5705	0.018597
5728	0.053833
5787	0.011256
5798	0.027840
5812	0.023726
5816	0.022446
5857	0.027063
5879	0.050371
5892	0.030713
5900	0.018597
5933	0.053833
5946	0.019936
5968	0.018877
5992	0.023347
6010	0.065235
6031	0.047705
6041	0.023238
6090	0.025538
6102	0.027840
6172	0.034174
6246	0.040992
6372	0.121731
6373	0.044453
6378	0.007961
6422	0.017440
6515	0.027063
6548	0.059751
6589	0.019925
6595	0.016474
6620	0.019020
6646	0.011054
6665	0.019020
6720	0.020962
6784	0.088097
6848	0.095803
6901	0.018063
6991	0.011256
7044	0.014601
7074	0.014431
7086	0.063224
7226	0.028473
7394	0.037057
7409	0.031508
7665	0.037220
7690	0.028922
7732	0.059751
7763	0.100743
7778	0.125421
7799	0.015685
7959	0.025084
8065	0.119502
8082	0.045110
8101	0.022233
8186	0.081983
8209	0.018806
8210	0.006761
8280	0.015839
8299	0.029434
8308	0.012017
8313	0.016368
8378	0.046010
8393	0.027063
8414	0.059751
8534	0.047915
8587	0.026700
8599	0.015135
8602	0.030433
8622	0.040092
8624	0.040992
8625	0.017561
8704	0.043137
8706	0.027639
8714	0.006988
8870	0.012714
8938	0.070091
8941	0.020962
8984	0.031706
9035	0.026351
9116	0.018326
9170	0.017440
9196	0.043137
9219	0.032618
9260	0.024654
9408	0.027251
9599	0.020434
9626	0.034760
9689	0.024938
9717	0.033605
9749	0.028046
9753	0.033605
9770	0.010266
9798	0.059751
9821	0.017153
9827	0.044453
9837	0.022665
9880	0.037220
10024	0.024654
10045	0.023358
10073	0.024938
10093	0.026017
10123	0.024244
10160	0.014688
10232	0.053833
10234	0.041822
10284	0.040992
10437	0.020782
10501	0.017999
10564	0.017561
10565	0.020871
10567	0.025384
10597	0.030179
10612	0.018194
10880	0.017029
10977	0.014181
11042	0.029644
11113	0.026351
11158	0.019543
11170	0.030433
11207	0.031302
11311	0.011148
11372	0.059751
11395	0.009263
11514	0.028694
11576	0.035074
11627	0.023844
11662	0.034879
11721	0.030433
11809	0.023853
11831	0.041997
11839	0.032618
11863	0.023238
11902	0.019543
11919	0.066721
11920	0.040529
11921	0.043166
11959	0.022777
11973	0.036079
11980	0.004774
12025	0.020099
12027	0.027063
12028	0.053595
12052	0.023479
12056	0.032618
12065	0.013741
12075	0.041387
12092	0.007095
12185	0.037220
12203	0.077071
12260	0.023479
12284	0.010397
12286	0.177023
12392	0.016767
12537	0.050371
12598	0.018298
12600	0.024111
12731	0.010159
12805	0.032618
12811	0.047915
12948	0.035562
13006	0.053833
13011	0.008705
13041	0.023238
13052	0.014909
13124	0.022890
13155	0.013898
13185	0.019166
13206	0.014473
13207	0.021053
13233	0.036519
13334	0.021145
13346	0.012818
13362	0.006625
13434	0.034588
13441	0.168468
13442	0.201585
13445	0.059751
13450	0.016158
