483
t_index	tf-idf
47	0.039457
140	0.048485
177	0.036435
227	0.031396
297	0.027198
310	0.101323
352	0.058064
358	0.016615
361	0.035669
369	0.051817
384	0.036477
386	0.017202
389	0.020626
394	0.018239
403	0.122849
436	0.023083
455	0.025700
524	0.015308
608	0.026415
668	0.027406
684	0.020487
717	0.019174
737	0.014747
739	0.029562
776	0.026050
782	0.051588
798	0.031206
804	0.011722
857	0.022838
865	0.014265
868	0.127243
886	0.051061
895	0.071191
898	0.022483
899	0.026415
956	0.017141
967	0.028787
974	0.029676
1010	0.014138
1011	0.037807
1017	0.030129
1020	0.068460
1054	0.036435
1060	0.167636
1062	0.018737
1129	0.031007
1134	0.046121
1158	0.018375
1181	0.035826
1187	0.028534
1200	0.044287
1238	0.022838
1270	0.028296
1279	0.015503
1335	0.009280
1340	0.057558
1353	0.064056
1366	0.039457
1377	0.010862
1418	0.030428
1486	0.044287
1530	0.151681
1542	0.026995
1592	0.110268
1619	0.047902
1674	0.030428
1776	0.073300
1778	0.037807
1788	0.020443
1841	0.015356
1901	0.020534
1962	0.018147
1981	0.041522
1983	0.016067
2016	0.015857
2066	0.029494
2092	0.032111
2111	0.017387
2161	0.028064
2196	0.033760
2327	0.031061
2333	0.033316
2347	0.022255
2357	0.035151
2383	0.058097
2387	0.048866
2428	0.012073
2445	0.060857
2511	0.174697
2549	0.011690
2556	0.017704
2589	0.110479
2602	0.051817
2607	0.029293
2626	0.032895
2636	0.027620
2660	0.027406
2739	0.025647
2833	0.050777
2852	0.008073
2870	0.042789
2874	0.023083
2927	0.042789
2932	0.069299
2941	0.027406
2964	0.019346
3066	0.128959
3084	0.038851
3120	0.032494
3121	0.043194
3122	0.048485
3141	0.015603
3154	0.027142
3176	0.019425
3180	0.052830
3191	0.039457
3194	0.048485
3203	0.042789
3210	0.016173
3297	0.046121
3309	0.086008
3313	0.048485
3333	0.051726
3337	0.061878
3361	0.070517
3406	0.051817
3434	0.092241
3445	0.044065
3446	0.027198
3503	0.039457
3566	0.032494
3567	0.045919
3630	0.037920
3706	0.031746
3749	0.148370
3769	0.044711
3776	0.030428
3794	0.033760
3807	0.044287
3822	0.017704
3846	0.026050
3859	0.036435
3870	0.087676
3919	0.037807
3959	0.073794
4012	0.029841
4013	0.026415
4016	0.025365
4019	0.051817
4036	0.017141
4048	0.023336
4051	0.040425
4084	0.020719
4089	0.041522
4143	0.025365
4145	0.031396
4154	0.020688
4158	0.021004
4162	0.020353
4174	0.035024
4235	0.014524
4244	0.054924
4251	0.053208
4254	0.091801
4269	0.114135
4270	0.030428
4272	0.035826
4277	0.032895
4333	0.034728
4355	0.074649
4397	0.018378
4401	0.019036
4423	0.023083
4476	0.021924
4517	0.029032
4520	0.007624
4578	0.037807
4593	0.044966
4598	0.028779
4613	0.056128
4624	0.037092
4642	0.026230
4654	0.013340
4678	0.018057
4826	0.120056
4835	0.021816
4853	0.027198
4932	0.034728
4934	0.034728
4956	0.020719
4970	0.034728
4988	0.013114
4998	0.042789
5080	0.008983
5125	0.017263
5238	0.128768
5269	0.032111
5283	0.060794
5311	0.003077
5410	0.138256
5494	0.024732
5596	0.026995
5676	0.051424
5737	0.029841
5739	0.035259
5750	0.011722
5764	0.017901
5854	0.021816
5876	0.031746
5928	0.058586
5930	0.020004
5970	0.053702
5982	0.048485
6049	0.021668
6120	0.035826
6149	0.033760
6164	0.017901
6167	0.020443
6196	0.019506
6199	0.025531
6219	0.013264
6251	0.044287
6256	0.033709
6264	0.017081
6274	0.062792
6295	0.114797
6305	0.054397
6306	0.022368
6310	0.015755
6470	0.018378
6613	0.023597
6645	0.015325
6650	0.037039
6677	0.024732
6686	0.012237
6765	0.035259
6782	0.026050
6844	0.037328
6845	0.029293
6856	0.006393
6862	0.015857
6866	0.028530
6901	0.031396
6911	0.029767
6923	0.013610
6937	0.012304
7019	0.026230
7021	0.051817
7027	0.009444
7045	0.016014
7063	0.039837
7074	0.015806
7080	0.013378
7096	0.019668
7115	0.030738
7140	0.013226
7165	0.017387
7183	0.062792
7198	0.024886
7255	0.010834
7311	0.023443
7353	0.018983
7489	0.011567
7564	0.014180
7573	0.066508
7580	0.027839
7619	0.046121
7651	0.017834
7694	0.035151
7700	0.011178
7758	0.020353
7796	0.065126
7797	0.025042
7841	0.031396
7853	0.018885
7885	0.011784
7899	0.141478
7944	0.033316
7961	0.013532
7998	0.048485
8132	0.166705
8138	0.051817
8147	0.014884
8150	0.018520
8216	0.009468
8259	0.042414
8341	0.021710
8361	0.021400
8362	0.033316
8443	0.022959
8462	0.017640
8463	0.009051
8464	0.058572
8519	0.039457
8537	0.005082
8566	0.011567
8571	0.063018
8607	0.018520
8653	0.042789
8680	0.030139
8726	0.029841
8733	0.048485
8791	0.026050
8856	0.012474
8884	0.033806
8964	0.026604
8971	0.017834
8990	0.044287
8998	0.035259
9005	0.046166
9010	0.047732
9061	0.023730
9066	0.031061
9122	0.013340
9128	0.024475
9140	0.066632
9142	0.017449
9185	0.058808
9199	0.020177
9242	0.061038
9259	0.063059
9377	0.005704
9393	0.024145
9396	0.030428
9434	0.029032
9449	0.086338
9488	0.033316
9542	0.015857
9544	0.030428
9559	0.038591
9586	0.029225
9631	0.040364
9682	0.062792
9837	0.035024
9838	0.016729
9863	0.077100
9920	0.054102
9926	0.018664
9935	0.016173
9970	0.042789
9989	0.029645
9992	0.027406
10025	0.052461
10031	0.039457
10037	0.032895
10040	0.066042
10056	0.021816
10086	0.030139
10088	0.020443
10110	0.029841
10136	0.028534
10327	0.025042
10375	0.031396
10471	0.057029
10474	0.036812
10491	0.055240
10501	0.040425
10519	0.065789
10523	0.025042
10569	0.020626
10581	0.010080
10610	0.021502
10641	0.027839
10673	0.040425
10685	0.050187
10732	0.020353
10736	0.034649
10761	0.051817
10791	0.017769
10862	0.036613
10934	0.051817
10936	0.048485
10959	0.114119
10988	0.020353
10997	0.025873
11011	0.014524
11038	0.064694
11054	0.017325
11088	0.038349
11102	0.058064
11128	0.029032
11141	0.035826
11174	0.028064
11185	0.030428
11213	0.068249
11214	0.062121
11339	0.064223
11358	0.020265
11363	0.022959
11394	0.064987
11395	0.049163
11413	0.022143
11440	0.043972
11492	0.026604
11522	0.017901
11538	0.015806
11545	0.021461
11629	0.008916
11634	0.035826
11658	0.075347
11703	0.029562
11714	0.021004
11721	0.031396
11756	0.051817
11786	0.034230
11797	0.029032
11810	0.034728
11814	0.020177
11816	0.017576
11859	0.011475
11895	0.031061
11898	0.028064
11899	0.036435
11957	0.040425
11966	0.051817
11994	0.009611
12046	0.048485
12064	0.036477
12108	0.036435
12110	0.021816
12124	0.027406
12140	0.037092
12149	0.078022
12150	0.055399
12196	0.029841
12215	0.013785
12254	0.017202
12287	0.022599
12291	0.031396
12301	0.092584
12311	0.039837
12327	0.013658
12340	0.024581
12371	0.011295
12375	0.043420
12440	0.033760
12453	0.025873
12454	0.022368
12463	0.025365
12606	0.014884
12626	0.043038
12651	0.031746
12716	0.030428
12819	0.031396
12831	0.026419
12839	0.027620
12895	0.048485
12964	0.063559
12970	0.041695
13037	0.031396
13081	0.041522
13089	0.033760
13094	0.219899
13173	0.027839
13244	0.046923
13273	0.022368
13304	0.056880
13314	0.021816
13320	0.013532
13325	0.019751
13330	0.055992
13340	0.024288
13373	0.017569
13378	0.036435
13388	0.012682
13403	0.041522
13418	0.017834
13419	0.018449
13441	0.027862
13454	0.015454
13469	0.017576
13475	0.022959
13478	0.039457
13524	0.044065
13571	0.020353
13583	0.024676
13585	0.031746
13594	0.023866
13598	0.019674
13602	0.039337
13674	0.006659
13681	0.037421
13682	0.088198
