375
t_index	tf-idf
286	0.041855
316	0.069342
331	0.039998
350	0.026913
351	0.040587
415	0.079429
418	0.027844
436	0.034705
461	0.062427
534	0.056843
536	0.038385
640	0.062869
646	0.026047
677	0.023459
686	0.049456
717	0.014414
782	0.031025
895	0.071356
898	0.033802
927	0.052213
951	0.052281
967	0.043281
974	0.022308
982	0.069342
1021	0.038639
1060	0.031505
1096	0.018005
1121	0.108270
1158	0.013813
1165	0.066584
1175	0.050758
1176	0.041205
1178	0.041205
1270	0.042542
1279	0.023309
1290	0.039998
1335	0.027904
1339	0.055688
1362	0.024156
1366	0.059322
1395	0.062427
1421	0.030335
1490	0.069342
1521	0.036735
1619	0.054015
1680	0.062427
1796	0.072896
1801	0.027737
1841	0.023088
1865	0.062427
1895	0.029820
1901	0.030873
1976	0.018962
2036	0.031725
2066	0.022172
2077	0.023161
2161	0.084388
2234	0.040892
2246	0.062427
2266	0.021256
2366	0.040587
2383	0.021837
2428	0.018151
2511	0.016416
2554	0.046699
2556	0.053235
2570	0.032483
2574	0.072896
2604	0.040587
2607	0.044041
2612	0.044446
2700	0.026235
2713	0.058020
2739	0.019280
2750	0.046029
2771	0.032800
2794	0.042900
2820	0.040587
2833	0.012724
2837	0.039998
2852	0.012137
2947	0.081647
3026	0.028061
3084	0.058411
3158	0.069787
3210	0.024316
3286	0.049456
3287	0.042900
3312	0.044041
3333	0.019442
3359	0.029947
3371	0.055768
3396	0.044865
3408	0.028735
3432	0.072896
3442	0.034155
3447	0.029448
3604	0.072896
3618	0.052213
3630	0.028506
3636	0.020582
3658	0.038135
3715	0.035678
3799	0.062427
3822	0.079853
3828	0.066584
3838	0.031873
3878	0.044041
3895	0.035882
3946	0.036957
4014	0.046699
4082	0.049456
4156	0.069342
4169	0.073032
4174	0.026329
4190	0.081784
4211	0.033802
4242	0.039165
4244	0.027526
4269	0.042900
4270	0.045748
4293	0.071356
4314	0.028620
4317	0.054779
4326	0.027844
4340	0.034336
4464	0.038385
4471	0.042900
4520	0.022926
4578	0.056843
4627	0.058020
4678	0.081443
4690	0.021576
4703	0.055768
4712	0.017437
4746	0.069342
4749	0.037415
4873	0.059322
4879	0.055768
4960	0.072896
5008	0.027631
5026	0.016718
5051	0.023235
5052	0.027844
5068	0.064332
5080	0.027013
5129	0.028397
5238	0.064533
5258	0.066584
5283	0.030467
5310	0.045299
5311	0.013879
5313	0.069342
5368	0.133169
5402	0.024980
5484	0.020762
5523	0.044041
5548	0.015473
5595	0.025681
5736	0.096557
5740	0.072896
5755	0.032577
5764	0.026913
5937	0.096557
5962	0.045299
6005	0.025681
6029	0.062427
6069	0.046215
6116	0.116041
6121	0.039165
6164	0.026913
6167	0.030736
6181	0.033125
6196	0.087978
6210	0.057702
6219	0.039884
6254	0.042900
6295	0.103557
6306	0.033630
6452	0.058652
6558	0.072896
6606	0.048279
6645	0.023041
6650	0.027844
6688	0.052213
6844	0.028061
6876	0.037890
6923	0.020463
6925	0.042639
6927	0.072896
6929	0.072896
6930	0.167303
6933	0.054779
6937	0.018499
6980	0.027737
6987	0.030335
7027	0.014199
7035	0.125566
7045	0.024077
7063	0.029947
7074	0.023764
7118	0.020171
7255	0.016289
7406	0.082410
7489	0.017391
7522	0.029695
7575	0.072896
7579	0.053011
7651	0.080441
7671	0.022799
7700	0.016805
7797	0.037650
7961	0.020345
7979	0.018200
8041	0.036301
8042	0.081039
8062	0.066584
8117	0.044346
8125	0.038639
8128	0.057240
8176	0.037184
8338	0.034155
8391	0.038639
8400	0.048853
8428	0.039437
8449	0.033125
8463	0.013608
8471	0.035477
8479	0.039998
8537	0.015281
8556	0.014199
8566	0.017391
8571	0.094747
8575	0.044446
8598	0.026235
8702	0.072896
8727	0.046699
8877	0.032023
8908	0.055768
8923	0.039165
8971	0.026814
9005	0.034705
9122	0.160446
9128	0.036798
9185	0.066313
9196	0.020287
9199	0.030335
9200	0.072896
9242	0.022942
9259	0.018962
9328	0.085800
9342	0.036957
9348	0.051464
9367	0.069342
9373	0.042194
9377	0.008575
9391	0.040289
9400	0.044041
9412	0.050090
9469	0.046215
9501	0.062427
9512	0.031291
9553	0.026715
9563	0.059322
9586	0.043940
9661	0.052213
9682	0.047203
9734	0.041205
9792	0.023235
9798	0.039437
9802	0.059322
9803	0.033291
9858	0.031873
9890	0.045748
9920	0.027114
9935	0.121582
9967	0.029571
9995	0.037184
9997	0.045748
10021	0.040892
10064	0.055768
10075	0.042542
10180	0.038385
10226	0.073032
10397	0.021256
10471	0.030262
10569	0.062021
10581	0.015156
10704	0.023610
10727	0.077167
10734	0.025772
10736	0.026047
10751	0.050758
10832	0.021837
10835	0.041645
10836	0.047203
10888	0.056843
10956	0.072896
11006	0.054779
11038	0.024316
11082	0.050090
11084	0.039165
11260	0.072896
11311	0.121555
11396	0.054779
11440	0.022037
11459	0.037415
11529	0.069342
11545	0.040333
11559	0.027216
11568	0.074181
11599	0.025863
11629	0.026812
11658	0.045313
11677	0.069342
11729	0.051464
11739	0.033630
11747	0.041526
11816	0.026425
11858	0.036957
11859	0.017253
11868	0.028968
11965	0.128664
11994	0.028901
12040	0.034519
12061	0.059322
12149	0.029326
12150	0.124936
12213	0.035279
12215	0.006909
12223	0.046469
12228	0.026913
12311	0.029947
12358	0.015355
12494	0.033978
12518	0.015046
12547	0.138076
12560	0.035085
12567	0.052213
12571	0.092429
12681	0.047203
12800	0.059322
12831	0.052960
12926	0.058020
12956	0.060777
12964	0.073507
12970	0.031344
13071	0.053011
13080	0.085360
13083	0.047203
13115	0.050827
13180	0.051464
13211	0.050758
13237	0.127626
13244	0.015117
13284	0.016761
13285	0.021576
13295	0.062427
13322	0.036957
13343	0.015956
13357	0.033125
13388	0.019067
13436	0.055768
13441	0.041890
13462	0.034336
13485	0.049456
13526	0.050090
13573	0.015316
13583	0.037100
13590	0.045299
13594	0.035882
13595	0.046215
13598	0.029579
13600	0.038639
13681	0.093770
