135
t_index	tf-idf
283	0.114470
288	0.406514
394	0.036301
508	0.049531
545	0.114470
576	0.051496
640	0.041613
868	0.056279
956	0.068234
1373	0.039146
1554	0.070176
1573	0.061821
2028	0.039645
2352	0.047231
2549	0.023268
2561	0.042392
2833	0.016844
2964	0.077010
2986	0.114470
2993	0.080458
3209	0.036029
3267	0.123712
3285	0.029532
3287	0.056792
3327	0.036719
3347	0.038984
3521	0.071305
3700	0.051151
3910	0.085146
4113	0.044071
4120	0.096501
4525	0.069121
5026	0.022131
5080	0.035760
5240	0.047231
5310	0.299838
5311	0.018374
5541	0.031155
5719	0.025955
5722	0.073826
5755	0.021563
6057	0.096501
6167	0.081378
6728	0.038663
6844	0.037147
6856	0.012724
6913	0.021177
7027	0.018797
7196	0.160916
7256	0.053336
7268	0.072517
7434	0.206266
7458	0.046192
7474	0.043635
7489	0.023022
7719	0.137438
7863	0.054493
8119	0.064673
8147	0.029623
8174	0.046704
8216	0.113062
8225	0.096501
8227	0.050343
8463	0.018014
8496	0.043210
8577	0.115984
8677	0.064673
8727	0.061821
8933	0.037293
8972	0.013388
9128	0.048713
9202	0.025594
9257	0.037439
9303	0.039938
9377	0.022705
9383	0.044071
9515	0.034855
9544	0.060562
9584	0.045943
9588	0.089497
9661	0.207363
9678	0.228941
9709	0.228941
9800	0.048056
9983	0.080458
10409	0.107459
10423	0.063956
10471	0.006677
10581	0.010032
10610	0.085592
10718	0.063537
10788	0.044980
10794	0.049531
10812	0.083227
10955	0.065471
11013	0.073826
11015	0.130942
11054	0.034482
11194	0.070733
11545	0.021357
11714	0.041805
11728	0.081020
11797	0.057783
11798	0.044980
11832	0.191736
11835	0.055455
11859	0.045680
11933	0.088146
12122	0.067194
12215	0.018292
12225	0.051476
12358	0.081309
12386	0.107459
12393	0.103133
12394	0.115515
12606	0.029623
12626	0.010707
12964	0.009731
13080	0.067801
13114	0.071305
13115	0.033643
13194	0.043002
13208	0.039477
13244	0.006671
13343	0.021123
13350	0.059968
13373	0.017484
13374	0.046192
13454	0.030758
13571	0.040510
13582	0.114470
13583	0.073670
13628	0.053730
13723	0.043852
13724	0.034981
