207
t_index	tf-idf
14	0.113391
82	0.078054
93	0.053791
120	0.125856
124	0.033604
165	0.046391
243	0.033498
402	0.059973
408	0.029888
497	0.057004
503	0.022578
511	0.088461
586	0.031216
646	0.064149
694	0.032470
749	0.060440
780	0.068782
881	0.020105
954	0.088461
1002	0.033926
1078	0.035629
1085	0.035159
1133	0.067970
1229	0.072905
1253	0.124471
1296	0.067970
1310	0.051637
1314	0.040217
1341	0.026206
1612	0.114799
1648	0.201851
1688	0.019855
1762	0.046175
1872	0.036989
1918	0.036483
1926	0.272586
1993	0.057400
2032	0.124881
2062	0.063531
2139	0.025112
2180	0.055868
2240	0.071865
2346	0.075996
2357	0.042163
2468	0.028062
2560	0.034465
2580	0.017666
2854	0.054121
2864	0.015754
2899	0.050787
2924	0.056239
2950	0.039612
2951	0.035392
2971	0.069469
3026	0.032470
3068	0.040371
3074	0.028298
3163	0.096913
3425	0.062977
3455	0.093634
3530	0.031688
3551	0.038742
3892	0.044539
3902	0.038322
3968	0.031784
3987	0.028698
4076	0.029442
4082	0.065341
4214	0.030756
4247	0.016684
4390	0.174652
4466	0.054592
4492	0.086343
4748	0.051349
4780	0.033926
4832	0.030396
5013	0.044345
5042	0.019915
5134	0.036358
5239	0.092782
5315	0.008942
5328	0.112136
5409	0.037510
5419	0.022349
5461	0.093634
5595	0.047740
5621	0.060920
5666	0.043774
5787	0.023708
5816	0.047279
5864	0.113391
5875	0.138802
5876	0.102698
5892	0.064691
5936	0.065301
5968	0.039761
5992	0.049177
6329	0.038184
6419	0.026779
6557	0.142211
6579	0.064102
6589	0.013990
6658	0.031030
6674	0.060920
6751	0.046829
6770	0.096913
6807	0.034588
6876	0.057886
6925	0.068704
7047	0.025650
7074	0.030396
7077	0.045339
7262	0.048455
7263	0.099426
7272	0.089079
7309	0.058216
7394	0.039027
7601	0.029956
7622	0.025788
7653	0.037248
7747	0.082734
7853	0.021515
7869	0.028062
7887	0.050512
8210	0.014242
8280	0.022241
8713	0.039027
8747	0.050512
8750	0.041326
8864	0.058382
8872	0.039027
8984	0.066784
9002	0.027598
9042	0.067970
9102	0.096913
9106	0.068704
9128	0.012481
9134	0.048455
9306	0.038884
9384	0.029442
9395	0.079730
9506	0.071983
9650	0.076644
9702	0.197320
9710	0.079730
9717	0.035392
9770	0.021624
9821	0.036130
9837	0.047740
9869	0.044736
10000	0.052836
10002	0.159446
10234	0.014682
10237	0.214817
10279	0.088461
10346	0.044118
10492	0.022463
10495	0.031497
10594	0.064102
10724	0.062431
10819	0.062440
10829	0.072905
10880	0.035869
10977	0.029870
11085	0.055505
11122	0.044345
11160	0.053791
11189	0.073878
11203	0.047975
11305	0.069176
11311	0.011741
11395	0.039024
11432	0.047279
11466	0.073878
11506	0.048948
11636	0.042163
11642	0.079730
11662	0.036734
11764	0.077201
11980	0.020111
11990	0.028298
12020	0.041992
12025	0.084669
12092	0.014944
12270	0.062440
12305	0.046391
12392	0.035317
12530	0.093634
12598	0.019271
12731	0.021398
12745	0.045620
12748	0.082567
12838	0.251712
13011	0.003667
13036	0.100484
13051	0.024396
13097	0.040842
13110	0.023224
13155	0.029274
13179	0.034701
13206	0.091456
13227	0.049975
13246	0.039172
13315	0.041992
13358	0.052226
13378	0.106099
13442	0.038601
