188
t_index	tf-idf
171	0.081697
310	0.041959
331	0.055085
355	0.059589
358	0.034402
403	0.031796
524	0.063391
684	0.014140
711	0.156566
737	0.091604
804	0.048541
845	0.078283
865	0.029536
951	0.036000
1010	0.029274
1060	0.065081
1158	0.019023
1279	0.064201
1362	0.033267
1502	0.053938
1588	0.097717
1598	0.029983
1619	0.024796
1630	0.103703
1789	0.052863
1801	0.076398
1807	0.085974
1887	0.053938
1894	0.068983
1923	0.095496
2023	0.061211
2085	0.053572
2148	0.034999
2202	0.085974
2272	0.075440
2359	0.091699
2370	0.061788
2383	0.030074
2511	0.045215
2556	0.036657
2607	0.060653
2794	0.059081
2834	0.051209
3026	0.038645
3141	0.032307
3176	0.040221
3599	0.156546
3629	0.068983
3769	0.023144
3794	0.069903
3801	0.030723
3802	0.029983
3822	0.036657
3979	0.053572
3992	0.060113
4036	0.035492
4126	0.048586
4145	0.130016
4293	0.098271
4340	0.047287
4349	0.027858
4428	0.044521
4429	0.075440
4504	0.095496
4542	0.030535
4598	0.059589
4604	0.105725
4662	0.055085
4696	0.081697
4764	0.081697
4964	0.039894
5019	0.097173
5026	0.023023
5080	0.018601
5092	0.119085
5103	0.028761
5125	0.035744
5184	0.100391
5186	0.041243
5385	0.057642
5403	0.058109
5484	0.028593
5686	0.126880
5734	0.128699
5885	0.057642
6049	0.022432
6139	0.262669
6140	0.048586
6464	0.119085
6645	0.031731
6824	0.201840
6866	0.029536
6937	0.050954
7037	0.091699
7074	0.032727
7179	0.052863
7221	0.081697
7308	0.029101
7353	0.019653
7536	0.084287
7625	0.075440
7651	0.036927
7700	0.069432
7916	0.035244
8165	0.028100
8277	0.119085
8336	0.047539
8403	0.083702
8463	0.056221
8464	0.013475
8537	0.063134
8556	0.019554
8891	0.095496
8933	0.038796
9039	0.088597
9130	0.110782
9172	0.050289
9563	0.081697
9728	0.088597
9733	0.136220
9809	0.058588
9920	0.037341
9935	0.033488
9964	0.107290
10040	0.017093
10088	0.042329
10129	0.026186
10180	0.052863
10262	0.073005
10358	0.048318
10471	0.020838
10474	0.228668
10568	0.059606
10581	0.010436
10730	0.029803
10829	0.121306
10841	0.026405
10862	0.050540
10959	0.029536
10963	0.150881
10972	0.055085
10997	0.053572
11008	0.061788
11037	0.083702
11054	0.035872
11116	0.033939
11152	0.069903
11424	0.069903
11492	0.055085
11545	0.022218
11559	0.037481
11568	0.034054
11658	0.031202
11704	0.075440
11809	0.083194
11816	0.036392
11817	0.058109
11835	0.057690
11874	0.075440
11994	0.019901
11995	0.036524
12005	0.033158
12213	0.048586
12242	0.095496
12249	0.238170
12263	0.021363
12297	0.100391
12301	0.027386
12453	0.053572
12487	0.103055
12494	0.046794
12504	0.059081
12539	0.043895
12743	0.085974
12831	0.054701
12964	0.020247
12977	0.052083
13000	0.059589
13244	0.006940
13259	0.081791
13340	0.050289
13343	0.021974
13359	0.056316
13388	0.026259
13419	0.038199
13572	0.066488
13681	0.051655
13690	0.032203
