364
t_index	tf-idf
177	0.052055
178	0.056372
201	0.056372
227	0.044856
297	0.038859
307	0.027528
310	0.057905
322	0.035778
354	0.054016
358	0.047476
366	0.024930
386	0.024577
389	0.029469
403	0.153577
463	0.050375
465	0.069271
466	0.074435
472	0.156164
492	0.060576
524	0.087481
608	0.037740
646	0.024752
684	0.009757
737	0.021069
782	0.014741
798	0.022292
804	0.033494
865	0.020380
895	0.033904
898	0.032122
925	0.062823
970	0.039461
973	0.027089
1060	0.059876
1064	0.033340
1096	0.017110
1125	0.043917
1158	0.013126
1270	0.040426
1279	0.044300
1349	0.012091
1353	0.045759
1355	0.046524
1362	0.022955
1402	0.052055
1480	0.118942
1530	0.162532
1592	0.078771
1598	0.020689
1619	0.034219
1758	0.044856
1799	0.032979
1824	0.052055
1849	0.131787
1868	0.059323
1901	0.029337
1975	0.082170
2013	0.044377
2036	0.030148
2066	0.042139
2148	0.024150
2154	0.030148
2357	0.025111
2428	0.017249
2508	0.048234
2511	0.093597
2518	0.029871
2522	0.041479
2545	0.055135
2556	0.050588
2589	0.039461
2640	0.072956
2648	0.061133
2719	0.042236
2738	0.131787
2833	0.048364
2916	0.038286
2932	0.148513
2941	0.039156
2947	0.025862
3029	0.059323
3066	0.023031
3120	0.046424
3121	0.010285
3143	0.049617
3180	0.075479
3196	0.038286
3210	0.023107
3272	0.028703
3301	0.037218
3309	0.030720
3333	0.018475
3338	0.041851
3357	0.034496
3433	0.057755
3442	0.032457
3447	0.027984
3520	0.041479
3567	0.032802
3597	0.076572
3599	0.036006
3679	0.026770
3692	0.057755
3708	0.049617
3749	0.052995
3794	0.048234
3914	0.076572
3959	0.026358
4013	0.037740
4032	0.052995
4054	0.037740
4084	0.029601
4174	0.025020
4216	0.043917
4244	0.052314
4254	0.112421
4312	0.074952
4397	0.078771
4411	0.024319
4482	0.068196
4499	0.034700
4511	0.061133
4531	0.055135
4560	0.074032
4590	0.031957
4593	0.032122
4604	0.036476
4611	0.050375
4613	0.040096
4617	0.039774
4629	0.037740
4667	0.061133
4678	0.038697
4734	0.018119
4738	0.017821
4778	0.086093
4860	0.031169
4985	0.031169
4988	0.018737
5019	0.134101
5026	0.015886
5080	0.012835
5129	0.013493
5238	0.061324
5311	0.021982
5378	0.046369
5410	0.056437
5463	0.044856
5521	0.034908
5548	0.014703
5676	0.024490
5686	0.043774
5719	0.018632
5734	0.059203
5744	0.032457
5764	0.025575
5859	0.031169
5970	0.025575
5979	0.041117
6021	0.034295
6080	0.030868
6137	0.028952
6139	0.067967
6167	0.029208
6256	0.032107
6264	0.024404
6295	0.032802
6310	0.022509
6366	0.034908
6375	0.074032
6530	0.038569
6543	0.074032
6596	0.074790
6610	0.039156
6613	0.033713
6621	0.032288
6645	0.043790
6689	0.023983
6786	0.118942
6824	0.046424
6845	0.041851
6866	0.040761
6887	0.026157
6923	0.019445
6925	0.020259
7018	0.030575
7027	0.026985
7051	0.060576
7080	0.019113
7096	0.028100
7140	0.018897
7164	0.023340
7198	0.035555
7255	0.015479
7308	0.020080
7462	0.041117
7489	0.016526
7526	0.031636
7536	0.029079
7546	0.021801
7585	0.061133
7602	0.048905
7606	0.041479
7697	0.039461
7700	0.031939
7758	0.029079
7796	0.046524
7836	0.044856
7863	0.136907
7931	0.037476
7961	0.019333
8128	0.054394
8132	0.036642
8221	0.034496
8336	0.032802
8418	0.040096
8443	0.032802
8463	0.012931
8464	0.111578
8484	0.065894
8537	0.007261
8566	0.033052
8623	0.060295
8728	0.055135
8784	0.042236
8856	0.017821
8972	0.028830
8989	0.034908
9079	0.036965
9150	0.057755
9185	0.021005
9202	0.018372
9242	0.043603
9244	0.069271
9303	0.043003
9377	0.008149
9383	0.031636
9546	0.040767
9559	0.110271
9561	0.052995
9631	0.038445
9733	0.046997
9745	0.041851
9792	0.066238
9837	0.050040
9920	0.077297
9926	0.026665
9931	0.041479
9935	0.023107
9942	0.051185
9967	0.028100
9972	0.023107
9976	0.055135
9989	0.042354
10025	0.037476
10041	0.043046
10070	0.057755
10086	0.021530
10088	0.029208
10096	0.034700
10129	0.018069
10226	0.034700
10398	0.039156
10405	0.065894
10471	0.052721
10474	0.105189
10491	0.039461
10569	0.029469
10581	0.007201
10607	0.029208
10610	0.030720
10685	0.023901
10727	0.073330
10788	0.032288
10791	0.025387
10959	0.183424
10988	0.029079
10997	0.036965
11088	0.041092
11116	0.023418
11137	0.047599
11180	0.055135
11185	0.043473
11213	0.019502
11332	0.057654
11412	0.034700
11440	0.020941
11492	0.038010
11538	0.022582
11545	0.022996
11550	0.027640
11559	0.025862
11568	0.023497
11629	0.012739
11656	0.032979
11658	0.021530
11700	0.043473
11803	0.054016
11814	0.057654
11816	0.025111
11835	0.039807
11858	0.035120
11894	0.047967
11895	0.044377
11968	0.030430
12004	0.201499
12016	0.065894
12034	0.039774
12047	0.038010
12070	0.050375
12103	0.055135
12140	0.052995
12148	0.045878
12149	0.055736
12150	0.059362
12301	0.018897
12327	0.009757
12352	0.059323
12385	0.056372
12388	0.079548
12489	0.032457
12518	0.028596
12539	0.030288
12553	0.033340
12582	0.022292
12606	0.021265
12626	0.046116
12651	0.045356
12831	0.037745
12846	0.054016
12957	0.074032
12964	0.083822
12970	0.059570
12977	0.035938
12993	0.069271
13035	0.074032
13094	0.104724
13113	0.055280
13165	0.068196
13173	0.039774
13175	0.022955
13244	0.019154
13273	0.031957
13314	0.062338
13320	0.038667
13330	0.079996
13331	0.069271
13334	0.054016
13371	0.021396
13373	0.012550
13402	0.054016
13419	0.026358
13469	0.025111
13488	0.061133
13533	0.024066
13558	0.055135
13573	0.029109
13583	0.017627
13598	0.037478
13602	0.028100
13613	0.044856
13614	0.056372
13681	0.089107
13682	0.100808
