282
t_index	tf-idf
31	0.029209
115	0.052578
121	0.063832
138	0.026694
200	0.051638
221	0.220116
222	0.147196
227	0.071739
243	0.044128
259	0.036799
336	0.111878
438	0.027638
519	0.044979
572	0.029082
578	0.032917
586	0.020561
622	0.032406
625	0.150169
646	0.021127
676	0.024707
746	0.026490
780	0.015102
783	0.032917
841	0.034599
849	0.022346
881	0.066212
961	0.032917
970	0.170614
1100	0.015656
1483	0.045254
1688	0.013078
1696	0.039810
1817	0.046284
1836	0.025061
1849	0.179545
1882	0.036095
1918	0.024030
1960	0.074687
2109	0.041870
2139	0.115782
2180	0.036799
2240	0.015779
2278	0.033701
2290	0.030700
2295	0.058164
2299	0.031141
2346	0.050056
2359	0.050056
2364	0.042222
2365	0.039810
2369	0.024534
2375	0.032917
2380	0.034400
2386	0.037547
2451	0.094826
2560	0.011351
2566	0.031141
2675	0.026091
2809	0.023235
2827	0.027999
2864	0.010376
2977	0.055623
2993	0.095271
3008	0.029863
3059	0.050821
3099	0.028710
3148	0.046835
3183	0.039203
3233	0.031916
3546	0.041128
3605	0.044305
3607	0.058267
3652	0.046835
3661	0.041846
3692	0.027328
3726	0.066689
3886	0.060549
3898	0.062890
3930	0.037293
3986	0.052516
4042	0.248693
4203	0.031600
4232	0.025801
4236	0.165795
4246	0.054495
4325	0.041481
4329	0.036799
4407	0.026026
4458	0.070434
4553	0.082898
4621	0.029863
4699	0.150169
4755	0.016027
4809	0.025897
4929	0.041846
5016	0.074585
5042	0.008745
5090	0.048661
5134	0.023948
5215	0.019904
5279	0.014834
5315	0.011779
5419	0.029441
5454	0.018796
5485	0.016895
5607	0.026190
5619	0.066477
5621	0.080252
5693	0.069885
5705	0.077404
5733	0.111247
5787	0.015616
5875	0.022856
5914	0.032240
5955	0.019118
5968	0.026190
5992	0.032391
6031	0.033093
6040	0.235217
6041	0.128962
6046	0.022708
6090	0.035431
6158	0.055623
6167	0.053464
6378	0.022089
6589	0.027644
6599	0.041122
6646	0.046008
6670	0.035470
6901	0.025061
6983	0.045758
6991	0.062463
6992	0.038625
7038	0.037043
7044	0.020258
7149	0.030274
7263	0.032745
7271	0.050056
7272	0.029337
7282	0.021994
7300	0.020439
7307	0.034802
7435	0.039810
7438	0.016111
7443	0.082898
7536	0.035431
7698	0.039009
7772	0.082898
7779	0.025612
7902	0.019561
7911	0.101466
7913	0.035648
7965	0.036457
8210	0.028142
8280	0.043949
8299	0.013612
8390	0.061674
8518	0.042222
8533	0.300378
8597	0.017979
8599	0.020998
8608	0.038910
8625	0.024364
8636	0.049338
8656	0.058267
8734	0.038346
8740	0.050821
8750	0.027220
8870	0.017639
8927	0.021191
9002	0.054535
9128	0.008221
9132	0.026190
9158	0.026490
9207	0.028349
9225	0.040784
9295	0.022856
9298	0.043858
9306	0.025612
9580	0.022275
9591	0.031916
9593	0.048661
9598	0.082898
9613	0.046284
9626	0.024113
9653	0.082898
9659	0.063834
9717	0.023312
9753	0.023312
9770	0.014243
9791	0.049338
9806	0.037808
9821	0.023798
9866	0.036560
9881	0.023867
9882	0.086024
9883	0.074687
10019	0.059848
10045	0.064812
10234	0.053188
10237	0.017687
10334	0.029730
10346	0.007265
10406	0.040126
10483	0.023006
10492	0.014796
10495	0.020746
10516	0.048661
10556	0.025612
10593	0.039503
10600	0.019963
10627	0.035182
10745	0.047413
10768	0.063200
10802	0.163183
10823	0.038910
10903	0.055623
11022	0.082898
11072	0.051638
11153	0.026190
11174	0.056871
11311	0.030933
11325	0.026091
11365	0.024794
11395	0.025704
11465	0.021653
11488	0.045254
11573	0.047413
11582	0.029082
11597	0.125538
11628	0.048021
11647	0.036095
11763	0.027707
11774	0.023082
11796	0.082898
11816	0.038346
11864	0.022064
11867	0.027438
11894	0.048661
11902	0.027113
11921	0.019963
11980	0.006623
12028	0.014872
12045	0.050056
12053	0.049338
12055	0.082898
12065	0.019064
12092	0.009843
12124	0.014721
12128	0.028231
12137	0.048843
12179	0.059848
12207	0.028468
12313	0.033093
12325	0.069885
12337	0.044305
12347	0.044979
12371	0.050056
12392	0.038771
12447	0.040126
12475	0.053464
12598	0.038079
12709	0.038074
12731	0.021141
12745	0.015024
12748	0.018128
12848	0.016367
12927	0.110636
13011	0.016908
13051	0.016069
13110	0.015297
13140	0.075969
13179	0.022856
13184	0.025706
13206	0.060239
13295	0.084344
13296	0.024279
13334	0.029337
13362	0.027573
13428	0.051638
13441	0.017979
13454	0.055623
