116
t_index	tf-idf
386	0.046240
445	0.056985
518	0.042764
717	0.025771
999	0.065677
1216	0.060126
1335	0.024944
1339	0.049782
1362	0.043188
1377	0.058395
1983	0.086376
1996	0.130329
2056	0.434334
2111	0.046736
2168	0.111612
2194	0.044814
2307	0.076700
2345	0.035755
2413	0.030846
2428	0.032452
2641	0.094776
2716	0.051791
2833	0.022748
2860	0.101628
2901	0.056459
3105	0.101628
3154	0.036480
3261	0.038924
3347	0.052649
3566	0.087344
3988	0.068181
3992	0.078039
4035	0.081792
4254	0.035252
4262	0.059520
4628	0.108662
4648	0.123974
4953	0.092012
5137	0.408502
5186	0.107084
5508	0.056985
5584	0.043934
5712	0.064902
6256	0.060407
6395	0.068181
6406	0.094776
6466	0.046240
6645	0.020597
6856	0.017184
6862	0.042625
6913	0.028601
6925	0.038117
7011	0.096300
7027	0.025386
7067	0.111612
7099	0.089555
7163	0.063429
7173	0.062385
7263	0.096300
7337	0.037338
7365	0.087344
7553	0.123431
7694	0.047244
7753	0.073669
7801	0.246862
7957	0.099706
8090	0.042212
8206	0.022191
8259	0.038004
8359	0.121496
8537	0.013660
8774	0.079465
8972	0.018081
9124	0.123974
9130	0.095879
9202	0.034566
9235	0.054236
9377	0.015332
9665	0.052649
9704	0.108662
9989	0.026562
10048	0.048841
10299	0.207247
10358	0.062727
10581	0.013548
10718	0.042905
10785	0.193184
10832	0.039042
11049	0.093351
11088	0.025771
11152	0.090749
11325	0.099949
11352	0.065677
11359	0.048296
11404	0.063429
11489	0.066075
11545	0.043266
12092	0.060126
12327	0.018357
12358	0.027453
12371	0.030363
12379	0.072032
12527	0.099706
12831	0.023671
12964	0.026284
13173	0.074832
13244	0.036037
13320	0.036375
13343	0.028527
13361	0.069547
13412	0.042625
13483	0.048117
13497	0.078740
13524	0.059224
13598	0.017628
13748	0.115017
