355
t_index	tf-idf
31	0.050584
105	0.022764
114	0.028810
115	0.022764
121	0.027636
124	0.191658
135	0.032968
140	0.034472
191	0.045474
195	0.028966
227	0.031060
243	0.038211
390	0.026095
394	0.021623
401	0.022850
408	0.017047
410	0.041055
438	0.059829
519	0.019474
524	0.029287
531	0.037977
586	0.035608
610	0.046295
622	0.084182
646	0.018294
671	0.021700
676	0.064182
690	0.068944
694	0.018519
741	0.032076
761	0.060514
770	0.044006
780	0.117689
782	0.023385
829	0.032968
847	0.042136
881	0.011467
1002	0.019350
1042	0.042722
1058	0.023164
1072	0.010562
1076	0.019987
1085	0.020053
1100	0.027114
1144	0.025182
1154	0.045527
1314	0.022937
1320	0.108438
1341	0.059786
1389	0.045474
1546	0.049245
1548	0.045474
1738	0.038767
1739	0.044006
1763	0.032076
1792	0.036811
1825	0.057563
1878	0.052672
1958	0.067892
1991	0.105874
2062	0.072469
2109	0.018128
2179	0.035316
2197	0.023950
2199	0.098491
2227	0.030495
2240	0.095640
2285	0.220963
2299	0.080897
2333	0.033693
2369	0.063733
2380	0.029787
2448	0.036897
2468	0.016005
2470	0.076729
2479	0.019105
2560	0.009829
2566	0.026966
2689	0.138884
2754	0.023294
2809	0.020119
2895	0.016938
2912	0.026966
2919	0.018926
2921	0.032968
2924	0.032076
2950	0.045185
2951	0.040372
2974	0.047187
3042	0.032512
3074	0.032279
3081	0.044714
3090	0.036897
3110	0.046295
3206	0.027363
3315	0.041055
3331	0.033445
3396	0.039185
3438	0.043344
3478	0.034472
3497	0.027901
3530	0.018073
3608	0.024146
3676	0.030680
3735	0.032512
3762	0.021546
3810	0.025859
3870	0.063314
3902	0.021857
3930	0.064584
3975	0.032512
3998	0.071226
4039	0.032738
4082	0.018634
4124	0.022937
4144	0.059235
4214	0.017541
4219	0.016744
4269	0.018406
4286	0.044714
4320	0.056121
4331	0.031864
4338	0.044006
4356	0.032968
4407	0.056341
4419	0.017911
4441	0.028950
4462	0.015828
4466	0.031137
4710	0.144494
4714	0.027229
4717	0.032736
4809	0.033636
4832	0.017336
4855	0.043092
4859	0.023574
5013	0.050584
5042	0.007572
5142	0.024651
5172	0.044714
5195	0.039185
5215	0.017235
5238	0.026215
5253	0.030495
5272	0.019537
5279	0.025689
5315	0.010200
5328	0.042638
5385	0.023204
5409	0.021394
5419	0.012747
5457	0.046295
5491	0.013522
5595	0.027229
5666	0.024966
5714	0.035919
5756	0.029960
5770	0.049245
5787	0.027044
5810	0.049933
5875	0.019791
5900	0.022341
5932	0.024345
5946	0.023950
5992	0.070120
6205	0.036560
6264	0.033693
6353	0.053404
6378	0.019127
6410	0.030868
6421	0.043344
6422	0.020951
6550	0.031060
6572	0.043344
6589	0.031916
6599	0.017804
6665	0.022850
6670	0.015357
6751	0.026709
6760	0.011787
6796	0.024860
6934	0.031060
7044	0.017541
7047	0.014630
7225	0.057746
7261	0.044714
7262	0.027636
7263	0.028354
7307	0.030135
7341	0.026837
7394	0.022259
7438	0.041852
7534	0.040642
7536	0.030680
7574	0.039185
7698	0.050668
7725	0.110548
7779	0.044355
7826	0.019600
7858	0.064584
7861	0.188749
7865	0.023758
7869	0.160049
7879	0.028966
7882	0.060514
7884	0.018576
8037	0.034206
8191	0.046771
8210	0.024368
8280	0.006343
8297	0.044714
8308	0.014437
8313	0.019663
8327	0.068411
8384	0.046295
8493	0.049245
8588	0.060514
8597	0.015568
8618	0.026583
8676	0.051823
8713	0.089036
8747	0.028810
8750	0.023570
8864	0.016649
8870	0.015273
8872	0.022259
8891	0.038364
8927	0.018349
8984	0.076181
8986	0.057563
8991	0.051823
9003	0.028354
9050	0.012522
9057	0.034206
9081	0.035613
9116	0.044032
9137	0.035316
9167	0.033946
9200	0.072469
9266	0.025976
9318	0.032076
9333	0.041055
9580	0.019288
9650	0.131141
9702	0.157558
9717	0.060558
9753	0.020186
9770	0.037000
9806	0.032738
9836	0.030495
9862	0.030495
9867	0.037616
9869	0.025515
9882	0.037244
9898	0.151095
9997	0.064584
10036	0.025515
10085	0.045474
10123	0.029125
10196	0.060514
10234	0.075364
10237	0.045945
10334	0.077229
10346	0.025162
10372	0.025515
10409	0.050453
10450	0.020879
10483	0.019921
10492	0.076871
10501	0.021623
10523	0.057563
10551	0.044849
10556	0.022177
10564	0.021097
10591	0.034472
10597	0.018128
10600	0.051857
10606	0.015916
10623	0.043344
10684	0.060514
10724	0.124627
10806	0.051823
10811	0.094374
10852	0.011966
10853	0.055274
10880	0.040915
10977	0.017036
11132	0.129345
11153	0.022678
11159	0.040555
11160	0.030680
11207	0.037604
11264	0.028655
11289	0.042136
11311	0.006696
11348	0.037604
11395	0.011129
11424	0.018808
11596	0.039622
11764	0.022016
11833	0.022764
11906	0.044006
11919	0.080156
11921	0.086428
11980	0.017205
12025	0.072437
12065	0.099045
12092	0.034093
12124	0.012747
12137	0.028196
12154	0.104237
12164	0.016649
12201	0.032738
12245	0.032738
12313	0.057311
12326	0.029287
12347	0.058421
12391	0.040555
12392	0.026857
12598	0.010991
12613	0.047187
12644	0.057563
12731	0.054919
12734	0.055274
12745	0.039029
12748	0.031395
12848	0.042516
12853	0.060514
12862	0.030495
12875	0.025628
12891	0.030680
12943	0.060158
12979	0.042136
13010	0.028061
13011	0.025099
13051	0.013914
13083	0.027229
13110	0.013246
13138	0.056074
13140	0.021927
13141	0.028966
13155	0.033393
13206	0.017387
13233	0.021936
13238	0.028655
13255	0.041758
13296	0.021024
13354	0.037604
13358	0.029787
13375	0.049245
13434	0.008310
13441	0.062273
13442	0.066047
13450	0.038823
13511	0.337088
