273
t_index	tf-idf
93	0.037629
108	0.030887
124	0.235072
135	0.040436
138	0.056700
209	0.056266
211	0.032452
217	0.020956
273	0.033896
319	0.067795
408	0.010454
438	0.102734
458	0.045150
472	0.042281
503	0.063177
519	0.047770
525	0.035887
531	0.046580
586	0.021837
589	0.021643
616	0.036327
671	0.026616
687	0.066101
694	0.022714
741	0.039342
744	0.033561
780	0.048116
801	0.044442
816	0.018332
890	0.070602
898	0.051681
1002	0.023733
1062	0.028350
1076	0.024514
1314	0.112533
1373	0.076190
1482	0.035921
1645	0.054842
1688	0.013890
1702	0.019306
1878	0.032302
1902	0.037629
1918	0.025521
1935	0.021837
1958	0.083271
2181	0.063562
2197	0.058751
2240	0.083788
2285	0.081304
2293	0.042281
2299	0.066147
2313	0.134243
2316	0.044842
2369	0.026057
2373	0.038579
2429	0.026711
2470	0.141164
2471	0.070602
2479	0.023433
2560	0.012055
2669	0.041954
2689	0.056781
2899	0.035528
2919	0.046426
2924	0.039342
2936	0.061882
2950	0.027710
2951	0.123792
3028	0.043680
3050	0.032915
3057	0.043680
3059	0.053974
3074	0.019795
3087	0.029983
3146	0.029257
3179	0.034776
3184	0.029983
3216	0.056781
3309	0.047055
3331	0.041022
3363	0.029024
3409	0.028683
3685	0.056482
3714	0.038828
3740	0.047548
3753	0.067795
3771	0.043680
3774	0.035723
3881	0.015835
3987	0.020076
3998	0.087360
3999	0.046580
4039	0.040154
4124	0.028133
4131	0.070602
4219	0.020537
4289	0.042961
4351	0.056781
4368	0.080873
4387	0.036746
4407	0.013821
4419	0.021968
4441	0.017754
4528	0.047548
4581	0.083271
4710	0.059075
4714	0.066793
4781	0.056700
4832	0.021263
4968	0.021902
5013	0.031021
5041	0.046122
5042	0.004644
5142	0.090704
5172	0.054842
5215	0.021139
5238	0.032153
5279	0.015754
5500	0.027402
5624	0.034241
5666	0.030622
5673	0.049156
5810	0.030622
5852	0.118150
5910	0.053162
5932	0.029859
5990	0.043680
5992	0.086003
6000	0.026148
6139	0.070602
6200	0.026333
6339	0.049156
6410	0.037860
6419	0.018733
6422	0.025697
6515	0.039877
6550	0.038095
6572	0.106325
6589	0.009786
6644	0.022784
6665	0.028026
6720	0.030887
6760	0.014457
6807	0.024196
6829	0.060217
6831	0.039082
6843	0.113563
6909	0.035528
7036	0.052400
7047	0.017944
7077	0.031716
7092	0.014530
7104	0.088042
7109	0.056781
7125	0.036746
7225	0.035413
7438	0.017111
7636	0.043315
7869	0.039261
7902	0.041549
7911	0.071842
7915	0.042281
7939	0.025609
8060	0.040436
8188	0.035146
8210	0.109588
8280	0.007779
8313	0.024117
8317	0.045254
8439	0.131002
8505	0.044442
8552	0.053162
8597	0.019095
8630	0.055774
8713	0.109205
8714	0.010297
8727	0.054842
8734	0.040726
8747	0.035336
8864	0.020420
8870	0.018733
8927	0.022506
8982	0.088042
8984	0.303670
9205	0.044842
9277	0.060725
9298	0.046580
9384	0.061789
9421	0.088042
9660	0.033727
9702	0.138034
9717	0.024758
9829	0.055629
9837	0.066793
9867	0.069205
9898	0.030887
9924	0.115737
10002	0.111539
10036	0.031295
10124	0.050355
10228	0.079322
10229	0.082043
10234	0.056488
10346	0.007716
10431	0.063562
10492	0.109998
10549	0.110238
10551	0.055008
10556	0.054402
10567	0.037402
10597	0.022234
10600	0.021201
10605	0.041954
10627	0.018682
10724	0.109183
10761	0.070602
10811	0.057876
10852	0.058705
10977	0.020895
11084	0.028683
11205	0.022437
11289	0.103361
11311	0.008213
11325	0.027710
11424	0.046137
11455	0.051681
11469	0.044055
11481	0.032153
11537	0.083908
11582	0.030887
11626	0.037629
11660	0.079322
11662	0.051394
11690	0.049741
11759	0.059075
11763	0.014713
11920	0.059718
11921	0.021201
11980	0.028137
12019	0.026333
12025	0.088845
12058	0.051000
12065	0.101234
12075	0.060983
12092	0.041816
12137	0.017291
12164	0.020420
12220	0.034241
12392	0.016471
12519	0.054842
12598	0.013481
12731	0.007484
12745	0.063827
12865	0.079322
12933	0.036535
12943	0.147570
13010	0.068834
13011	0.023088
13051	0.017066
13076	0.065501
13083	0.100189
13088	0.020715
13140	0.026894
13179	0.024275
13206	0.042652
13255	0.025609
13339	0.103144
13346	0.075548
13362	0.039045
13441	0.171854
13442	0.081008
13450	0.023809
13511	0.051681
