205
t_index	tf-idf
31	0.021111
82	0.018579
85	0.037321
87	0.018178
114	0.024047
408	0.007114
437	0.036752
438	0.029962
503	0.021497
519	0.016254
609	0.064715
784	0.024310
847	0.035170
881	0.019142
1057	0.020154
1058	0.019334
1072	0.008816
1193	0.047582
1341	0.024951
1494	0.018511
1506	0.125032
1597	0.029981
1688	0.009452
1702	0.013138
1870	0.053980
1918	0.017368
1945	0.086510
1958	0.028334
2109	0.045392
2110	0.046136
2113	0.025453
2139	0.011954
2240	0.045616
2305	0.019443
2316	0.030516
2343	0.046136
2375	0.023791
2461	0.068535
2536	0.032022
2604	0.034707
2714	0.053980
2882	0.016254
2895	0.070688
3026	0.170030
3074	0.013471
3141	0.014905
3255	0.050509
3339	0.018443
3363	0.019752
3409	0.019519
3457	0.059914
3497	0.011644
3551	0.018443
3583	0.651203
3714	0.026423
3829	0.026953
3993	0.023067
4041	0.019830
4121	0.037321
4207	0.028334
4219	0.013976
4247	0.007943
4362	0.048046
4381	0.013896
4438	0.021019
4597	0.037321
4780	0.016150
4859	0.019676
5134	0.017308
5239	0.022084
5404	0.017548
5662	0.028122
5675	0.031698
5697	0.031387
5748	0.035170
5782	0.053906
5787	0.033859
5875	0.016519
5955	0.013818
6000	0.035588
6040	0.028334
6046	0.016412
6195	0.059914
6225	0.058002
6278	0.020404
6378	0.007982
6419	0.012748
6506	0.043255
6589	0.006660
6620	0.019072
6649	0.073461
6760	0.009838
6784	0.022084
6876	0.013778
7092	0.009888
7107	0.053980
7209	0.059914
7300	0.014772
7303	0.230678
7316	0.087003
7394	0.018579
7409	0.015797
7545	0.030244
7716	0.012611
7779	0.018511
7869	0.013359
7902	0.014138
7954	0.039451
7985	0.144138
8047	0.059914
8099	0.023543
8104	0.034268
8151	0.059914
8164	0.029236
8185	0.037321
8187	0.036178
8192	0.022952
8209	0.018857
8210	0.013559
8272	0.018443
8280	0.005294
8299	0.009838
8353	0.027137
8533	0.108548
8716	0.043255
8792	0.053980
8914	0.050603
8941	0.084076
9116	0.055128
9125	0.024721
9128	0.005942
9132	0.037857
9213	0.037321
9224	0.026254
9269	0.018243
9295	0.016519
9384	0.014016
9528	0.025764
9626	0.034855
9635	0.026953
9658	0.053980
9689	0.025006
9708	0.019443
9743	0.098884
9821	0.042999
9837	0.068180
9867	0.031397
9926	0.072356
10234	0.010484
10237	0.012783
10346	0.010501
10428	0.050509
10548	0.179742
10564	0.070435
10567	0.050906
10623	0.036178
11084	0.019519
11205	0.030538
11264	0.023918
11311	0.072660
11321	0.020154
11432	0.045015
11537	0.057101
11543	0.032357
11582	0.021019
11809	0.023918
11919	0.033452
11921	0.014428
11980	0.028722
12028	0.010748
12058	0.034707
12065	0.013778
12092	0.007114
12124	0.010639
12242	0.044575
12347	0.048763
12392	0.005604
12419	0.059914
12527	0.039386
12584	0.036730
12598	0.018348
12609	0.037321
12731	0.015280
12748	0.039306
12927	0.039981
12967	0.402443
12972	0.058954
12995	0.027325
13011	0.015712
13052	0.014949
13088	0.014097
13110	0.011056
13134	0.043255
13138	0.031202
13140	0.027453
13155	0.013936
13179	0.016519
13205	0.059914
13227	0.023791
13346	0.025706
13362	0.006643
13383	0.055429
13386	0.026596
13441	0.025989
13449	0.023918
