430
t_index	tf-idf
12	0.051768
156	0.043642
211	0.051768
304	0.075782
350	0.032225
384	0.032834
394	0.016417
428	0.030811
476	0.020890
477	0.046265
482	0.043213
506	0.051768
522	0.025469
524	0.027557
558	0.051768
566	0.027389
596	0.046641
608	0.023776
640	0.018819
684	0.012294
690	0.046641
760	0.036386
798	0.014044
804	0.031652
868	0.038177
951	0.046950
956	0.046287
967	0.025911
1062	0.016865
1102	0.030388
1115	0.041514
1129	0.027909
1158	0.024809
1216	0.040267
1270	0.050938
1275	0.060776
1309	0.019734
1334	0.017413
1335	0.008353
1339	0.016670
1349	0.022852
1353	0.014414
1362	0.028923
1373	0.017704
1397	0.036386
1436	0.025058
1511	0.021862
1675	0.051768
1695	0.083003
1789	0.022980
1841	0.041466
1887	0.023447
1890	0.043642
1962	0.057170
1982	0.045960
1991	0.024861
1993	0.092902
2028	0.017929
2138	0.028575
2148	0.091288
2199	0.037374
2239	0.025683
2257	0.036386
2266	0.025452
2304	0.032247
2311	0.054777
2314	0.051768
2345	0.083810
2353	0.045081
2368	0.022261
2463	0.120908
2536	0.029609
2542	0.037374
2566	0.018161
2639	0.028260
2700	0.015706
2734	0.023776
2750	0.027557
2755	0.032247
2833	0.022852
2836	0.035515
2852	0.058132
2857	0.047893
2863	0.038867
2889	0.046641
2956	0.023946
2964	0.087067
2978	0.043642
3078	0.034031
3121	0.006480
3154	0.024431
3181	0.088889
3200	0.028575
3228	0.051768
3261	0.039102
3267	0.018649
3301	0.023447
3327	0.033211
3340	0.037374
3375	0.155304
3396	0.026860
3398	0.034736
3402	0.015877
3409	0.018993
3447	0.017630
3515	0.046641
3537	0.025904
3538	0.038514
3549	0.033387
3571	0.025904
3577	0.051768
3747	0.046641
3802	0.013034
3832	0.027120
3838	0.019082
3910	0.105892
3913	0.038708
3930	0.026132
4000	0.010411
4089	0.037374
4135	0.025683
4142	0.038514
4158	0.018906
4159	0.023610
4160	0.017273
4205	0.059217
4243	0.036386
4308	0.026794
4340	0.020556
4349	0.012110
4355	0.013438
4423	0.020777
4465	0.031259
4482	0.021482
4491	0.021121
4492	0.012076
4495	0.034736
4505	0.096674
4520	0.013725
4586	0.031737
4590	0.020133
4610	0.041514
4678	0.016253
4689	0.046641
4709	0.018161
4712	0.031317
4730	0.043723
4743	0.051768
4793	0.016799
4794	0.028904
4795	0.024481
4809	0.021005
4835	0.078547
4871	0.022541
4892	0.018649
4968	0.034736
4974	0.323190
4985	0.039274
4986	0.139922
4988	0.035413
5025	0.029248
5129	0.008501
5208	0.051768
5263	0.323190
5289	0.035515
5311	0.002770
5343	0.017134
5378	0.014606
5508	0.038164
5521	0.021992
5523	0.026367
5530	0.035515
5541	0.014089
5570	0.051768
5584	0.014712
5671	0.015162
5686	0.009193
5750	0.021101
5951	0.037374
5961	0.029019
5970	0.016112
6164	0.016112
6219	0.011939
6232	0.016355
6332	0.269600
6335	0.158790
6401	0.051768
6470	0.033084
6491	0.025058
6534	0.028904
6568	0.051768
6613	0.021240
6645	0.013794
6715	0.036386
6844	0.033599
6849	0.019541
6856	0.011509
6862	0.014273
6866	0.012840
6881	0.026860
6911	0.013397
6913	0.009577
6923	0.012251
6925	0.012764
6968	0.051768
6980	0.016606
7008	0.023610
7027	0.025502
7045	0.014414
7073	0.043642
7118	0.012076
7143	0.037374
7180	0.025261
7194	0.062518
7195	0.030811
7255	0.029255
7297	0.033084
7308	0.037952
7337	0.012503
7338	0.018649
7353	0.034173
7388	0.064819
7390	0.115543
7395	0.027958
7564	0.012764
7671	0.013649
7694	0.015820
7700	0.070427
7719	0.015539
7745	0.013735
7753	0.024669
7807	0.026132
7864	0.032795
7916	0.030642
7961	0.024361
8041	0.043466
8042	0.048517
8117	0.044248
8147	0.013397
8148	0.020777
8176	0.022261
8200	0.041514
8202	0.015058
8204	0.035515
8206	0.029723
8259	0.050903
8341	0.019541
8344	0.043213
8464	0.005858
8471	0.021240
8537	0.036594
8549	0.029609
8558	0.035515
8574	0.019832
8576	0.024120
8577	0.013113
8601	0.031259
8637	0.106437
8681	0.041514
8738	0.041514
8779	0.034031
8786	0.113040
8833	0.034736
8858	0.118018
8860	0.021482
8862	0.024299
8972	0.030272
8976	0.017929
8992	0.023946
9061	0.021360
9140	0.029988
9172	0.021862
9202	0.046299
9234	0.046265
9235	0.072645
9247	0.032795
9259	0.011352
9297	0.024669
9303	0.009031
9338	0.041514
9355	0.028260
9377	0.030804
9380	0.059357
9407	0.016542
9441	0.017704
9443	0.093777
9483	0.033387
9512	0.018734
9515	0.078814
9584	0.020777
9631	0.012110
9637	0.019734
9708	0.018734
9716	0.063976
9792	0.027820
9805	0.030388
9814	0.051768
9847	0.023288
9853	0.089964
9907	0.021606
9934	0.021005
9935	0.029116
9962	0.021360
9989	0.035578
10040	0.007431
10048	0.049065
10068	0.017778
10073	0.026367
10100	0.029808
10129	0.011383
10150	0.063473
10269	0.018401
10306	0.043642
10307	0.021606
10324	0.027958
10337	0.051809
10397	0.012726
10399	0.036386
10403	0.024014
10471	0.033215
10607	0.018401
10641	0.050116
10727	0.009240
10734	0.015429
10736	0.015594
10746	0.025904
10799	0.015215
10810	0.022980
10862	0.010985
10876	0.037374
10887	0.027120
11002	0.039467
11008	0.053720
11011	0.013073
11038	0.014558
11054	0.031188
11088	0.008630
11112	0.025058
11194	0.015994
11232	0.027668
11295	0.197217
11325	0.016734
11332	0.036322
11351	0.051768
11363	0.041332
11404	0.021240
11440	0.013193
11450	0.025904
11499	0.041332
11522	0.016112
11545	0.014488
11559	0.032587
11629	0.008026
11656	0.041554
11658	0.013564
11698	0.027044
11703	0.026609
11745	0.022400
11832	0.028904
11835	0.075237
11859	0.030987
11872	0.032247
11884	0.021360
11953	0.026367
11994	0.008651
12011	0.031737
12026	0.055916
12092	0.020133
12093	0.055114
12096	0.017134
12110	0.039274
12215	0.016544
12216	0.031737
12228	0.016112
12256	0.043243
12263	0.009287
12327	0.006147
12343	0.026860
12358	0.009193
12364	0.051768
12371	0.010167
12410	0.024299
12441	0.035556
12456	0.023610
12461	0.023610
12560	0.021005
12582	0.042133
12606	0.053587
12610	0.027389
12616	0.021606
12622	0.051768
12626	0.024211
12688	0.041514
12690	0.039863
12716	0.027389
12941	0.047553
12964	0.013202
12970	0.009382
12998	0.036386
13061	0.051768
13078	0.028260
13080	0.010221
13115	0.015215
13159	0.017273
13223	0.043642
13244	0.010559
13259	0.017778
13320	0.012180
13325	0.017778
13343	0.009552
13371	0.188720
13388	0.011415
13418	0.016053
13419	0.033211
13438	0.028575
13442	0.018240
13454	0.013910
13469	0.031640
13499	0.014558
13507	0.037811
13526	0.029988
13572	0.028904
13578	0.038514
13598	0.017708
13615	0.039863
13647	0.043642
13674	0.011987
13689	0.020666
13690	0.013999
13724	0.015820
