401
t_index	tf-idf
71	0.017997
87	0.017544
108	0.020286
115	0.018337
201	0.024134
343	0.043020
399	0.018407
413	0.046370
455	0.032285
526	0.025839
572	0.060858
588	0.020198
592	0.048747
676	0.017234
687	0.014471
693	0.057188
694	0.044754
729	0.089167
730	0.014215
794	0.034916
814	0.057824
829	0.026558
849	0.031174
881	0.027711
1026	0.046370
1032	0.022042
1051	0.043444
1057	0.038901
1058	0.009330
1076	0.064402
1078	0.016370
1083	0.039670
1085	0.016154
1096	0.079098
1141	0.030593
1227	0.057824
1230	0.038799
1244	0.049131
1276	0.021314
1341	0.012040
1452	0.058352
1479	0.133985
1482	0.023592
1483	0.031566
1512	0.020554
1523	0.046415
1541	0.033943
1565	0.030878
1569	0.041746
1619	0.033496
1658	0.162572
1683	0.057824
1688	0.027368
1702	0.012680
1707	0.041746
1709	0.016154
1741	0.015943
1753	0.040053
1878	0.021215
1921	0.029451
1963	0.028688
1995	0.022840
2070	0.013374
2072	0.022375
2082	0.017671
2087	0.057824
2113	0.024565
2158	0.030002
2192	0.117805
2278	0.035261
2285	0.035600
2298	0.020737
2299	0.021722
2380	0.023995
2389	0.027555
2505	0.104194
2510	0.038799
2534	0.044526
2544	0.057824
2560	0.015835
2580	0.016233
2664	0.055538
2675	0.018200
2684	0.026748
2693	0.058352
2754	0.018765
2864	0.021714
2895	0.013644
2919	0.015246
2947	0.016819
2950	0.090998
2993	0.022152
3002	0.014559
3182	0.022152
3280	0.039670
3329	0.057824
3337	0.057824
3414	0.035449
3415	0.043020
3419	0.040643
3497	0.011238
3529	0.029836
3530	0.014559
3561	0.030292
3623	0.023995
3641	0.021506
3645	0.107769
3726	0.011629
3735	0.026191
3742	0.051003
3881	0.041600
3892	0.020464
3898	0.021934
3937	0.030593
3957	0.057824
3993	0.022262
4035	0.015010
4039	0.052744
4053	0.018620
4066	0.077599
4076	0.013527
4078	0.092740
4082	0.015010
4134	0.033496
4137	0.035449
4191	0.051337
4226	0.024419
4329	0.025669
4380	0.057824
4441	0.011660
4458	0.024565
4466	0.012541
4537	0.023462
4554	0.013412
4559	0.032669
4588	0.043868
4597	0.036019
4685	0.020831
4693	0.019371
4705	0.038799
4714	0.021934
4717	0.026371
4727	0.043020
4755	0.011179
4809	0.027096
4859	0.056970
4952	0.057824
4970	0.023859
5034	0.028935
5042	0.009150
5073	0.019139
5134	0.016705
5194	0.044526
5215	0.013884
5228	0.024866
5233	0.022489
5243	0.053884
5278	0.038012
5279	0.010347
5304	0.035449
5315	0.016433
5419	0.020536
5438	0.036632
5454	0.013111
5590	0.021934
5607	0.018268
5608	0.037293
5705	0.017997
5771	0.030905
5787	0.010893
5810	0.020112
5835	0.030292
5917	0.022152
5946	0.019293
5951	0.032285
6046	0.031680
6243	0.023592
6434	0.206491
6435	0.057824
6453	0.026013
6461	0.136713
6589	0.006427
6599	0.014342
6638	0.115648
6646	0.021395
6658	0.057027
6713	0.018620
6738	0.033496
6813	0.026900
6851	0.013489
6876	0.013298
6901	0.017481
7044	0.014131
7047	0.023570
7077	0.020831
7162	0.041746
7266	0.038799
7338	0.034415
7365	0.231297
7376	0.173472
7427	0.057824
7432	0.035341
7457	0.104139
7471	0.261906
7475	0.198434
7484	0.028449
7535	0.025178
7631	0.033496
7653	0.051340
7698	0.054421
7699	0.027989
7799	0.037948
7808	0.057824
7853	0.019770
7855	0.035449
7858	0.052026
7887	0.023208
7893	0.035449
7911	0.047184
7943	0.008300
7954	0.009519
7997	0.014215
8007	0.057824
8079	0.045681
8083	0.038799
8111	0.104194
8169	0.048747
8187	0.034916
8209	0.036399
8280	0.030656
8299	0.009495
8319	0.087883
8340	0.035087
8343	0.069832
8349	0.018620
8377	0.052097
8420	0.032669
8422	0.015151
8597	0.037624
8639	0.033496
8662	0.039670
8714	0.067627
8870	0.012304
8880	0.038012
8884	0.017544
8904	0.033496
8927	0.014782
8938	0.230624
8939	0.036019
8940	0.036019
8949	0.080827
9043	0.027555
9050	0.010087
9128	0.022938
9142	0.026942
9144	0.024275
9159	0.057824
9180	0.037293
9212	0.028935
9269	0.070427
9318	0.025839
9337	0.046415
9395	0.036632
9458	0.022489
9489	0.017865
9635	0.026013
9708	0.018765
9716	0.046924
9747	0.022152
9770	0.009935
9778	0.030593
9854	0.029451
9881	0.016648
9983	0.014048
9994	0.028688
10000	0.024275
10003	0.073263
10025	0.103245
10151	0.057824
10174	0.029189
10234	0.053964
10240	0.057824
10344	0.019942
10346	0.020270
10387	0.024866
10474	0.043020
10495	0.028943
10559	0.025020
10564	0.016995
10570	0.052026
10575	0.051337
10577	0.105104
10578	0.089955
10606	0.025643
10661	0.043020
10694	0.057824
10720	0.033072
10759	0.034916
10771	0.034916
10772	0.090007
10773	0.044526
10775	0.014603
10802	0.016261
10852	0.009639
10862	0.057824
10878	0.021618
10935	0.057824
10958	0.017865
10960	0.037293
10971	0.030905
11059	0.020026
11116	0.024565
11123	0.018064
11148	0.039670
11168	0.046370
11203	0.022042
11224	0.050040
11268	0.025669
11305	0.015891
11340	0.030593
11365	0.051885
11375	0.036632
11413	0.031229
11422	0.046415
11424	0.015151
11462	0.036019
11481	0.168939
11484	0.074586
11512	0.025020
11561	0.097494
11562	0.048747
11577	0.020198
11605	0.028013
11627	0.011537
11640	0.036019
11704	0.034916
11711	0.057824
11736	0.021414
11763	0.019327
11774	0.016100
11863	0.022489
11867	0.038277
11980	0.055440
11990	0.013001
12027	0.052381
12028	0.010373
12053	0.034415
12065	0.013298
12092	0.006866
12137	0.045426
12167	0.015537
12207	0.019858
12210	0.018912
12223	0.031566
12255	0.022840
12284	0.010062
12347	0.047062
12372	0.044892
12392	0.016226
12578	0.046370
12587	0.031566
12696	0.052097
12731	0.039325
12791	0.032669
12848	0.022833
12881	0.038901
12883	0.016995
12943	0.016154
12972	0.028449
12976	0.019942
12990	0.044480
12995	0.026372
13001	0.044526
13011	0.010109
13022	0.039670
13026	0.019858
13036	0.023083
13052	0.028856
13075	0.019063
13079	0.034916
13092	0.019858
13097	0.018765
13117	0.030292
13138	0.075285
13144	0.036019
13206	0.014006
13289	0.066992
13296	0.033871
13304	0.053116
13322	0.038799
13334	0.020464
13336	0.030726
13339	0.118550
13351	0.025178
13362	0.019233
13382	0.038012
13386	0.025669
13434	0.013389
13468	0.021021
13480	0.022152
13481	0.017671
