276
t_index	tf-idf
31	0.029448
135	0.038386
140	0.040137
243	0.022245
394	0.050352
503	0.059974
519	0.022674
525	0.017034
586	0.020730
607	0.037101
780	0.015225
799	0.041822
901	0.039827
979	0.040783
1058	0.013485
1072	0.024596
1184	0.031859
1320	0.126258
1499	0.040455
1500	0.035506
1525	0.026809
1688	0.013185
1792	0.021430
1800	0.057338
1836	0.050532
1935	0.020730
1973	0.042568
1991	0.020545
2109	0.021107
2197	0.027886
2258	0.191208
2285	0.051455
2313	0.063718
2318	0.200684
2332	0.056227
2364	0.042568
2375	0.033187
2380	0.034682
2455	0.037855
2468	0.018635
2480	0.041465
2590	0.034291
2642	0.075300
2660	0.025176
2663	0.056080
2754	0.054244
2809	0.046851
2827	0.028229
2864	0.020923
2882	0.022674
2903	0.075197
2960	0.040455
3042	0.037855
3057	0.041465
3078	0.029973
3087	0.056926
3131	0.040783
3182	0.032017
3206	0.095577
3304	0.266915
3430	0.037347
3441	0.058745
3529	0.043125
3608	0.028113
3623	0.034682
3761	0.044218
3762	0.050173
3774	0.033911
3784	0.067022
3835	0.030523
3881	0.045096
3897	0.035295
3930	0.037598
3977	0.026605
3986	0.052947
3987	0.038116
4067	0.033187
4097	0.075300
4131	0.067022
4144	0.034485
4247	0.022159
4269	0.021430
4320	0.065344
4414	0.058745
4419	0.041708
4462	0.036858
4859	0.013724
4963	0.028113
5042	0.004408
5092	0.134045
5096	0.075300
5195	0.045625
5315	0.011876
5409	0.074729
5454	0.018951
5467	0.057338
5500	0.026013
5595	0.095109
5696	0.057338
5714	0.041822
5744	0.040455
5816	0.031397
5861	0.022747
5873	0.029448
5900	0.052026
5903	0.029708
5992	0.016329
6000	0.024822
6257	0.034682
6401	0.057338
6492	0.193072
6493	0.250049
6634	0.045625
6665	0.026605
6670	0.017880
6688	0.054942
6706	0.029448
6751	0.031098
6760	0.013724
6831	0.037101
6851	0.019496
7047	0.017034
7076	0.075300
7092	0.027586
7409	0.022036
7419	0.058745
7432	0.025541
7438	0.016243
7483	0.022175
7622	0.017125
7686	0.134045
7698	0.019665
7779	0.051644
7853	0.014288
7865	0.055325
7869	0.055905
7884	0.021629
7889	0.053825
7936	0.034485
7954	0.027517
7965	0.018378
7997	0.020545
8014	0.040455
8022	0.047802
8045	0.052062
8060	0.076772
8085	0.069766
8089	0.049743
8093	0.077321
8138	0.024144
8206	0.052947
8210	0.018915
8222	0.038661
8272	0.025727
8280	0.036925
8299	0.013724
8308	0.033618
8313	0.091578
8340	0.025357
8376	0.046664
8405	0.067022
8468	0.043365
8519	0.070458
8597	0.018127
8718	0.057891
8864	0.019385
8870	0.017783
8874	0.075300
8882	0.048415
9128	0.008289
9158	0.026707
9275	0.037855
9295	0.023044
9341	0.032672
9391	0.031859
9482	0.030245
9615	0.070458
9616	0.070458
9626	0.024310
9651	0.149388
9770	0.028720
9785	0.031397
9810	0.044218
9821	0.023993
9829	0.026404
9841	0.027017
9867	0.021899
9907	0.090274
9997	0.037598
10134	0.070458
10138	0.045625
10183	0.035506
10187	0.051267
10189	0.093392
10234	0.029249
10237	0.017832
10307	0.040783
10346	0.021973
10372	0.029708
10437	0.029069
10438	0.058745
10440	0.050467
10450	0.024310
10516	0.049060
10600	0.020126
10612	0.025449
10627	0.017735
10724	0.020730
10754	0.029578
10767	0.037598
10866	0.126567
10878	0.093740
10905	0.052062
11149	0.049060
11158	0.027335
11167	0.076772
11205	0.021300
11215	0.041822
11264	0.033364
11305	0.022969
11311	0.007797
11317	0.045137
11325	0.026305
11424	0.021899
11540	0.340995
11566	0.032841
11577	0.029194
11596	0.046133
11608	0.060339
11629	0.067022
11636	0.027999
11639	0.043784
11655	0.028582
11666	0.040783
11816	0.038661
11833	0.026504
11839	0.045625
11864	0.022245
11967	0.086729
11980	0.006678
11988	0.022458
12028	0.029987
12092	0.009924
12137	0.016414
12175	0.054942
12180	0.033911
12206	0.049060
12307	0.075300
12311	0.051238
12372	0.021629
12392	0.039089
12474	0.052062
12534	0.094439
12540	0.062180
12598	0.025594
12731	0.007105
12745	0.015148
12862	0.071012
12875	0.029840
12877	0.075300
12962	0.062794
13011	0.036529
13128	0.075197
13138	0.130578
13140	0.012765
13206	0.020244
13297	0.058745
13336	0.059215
13339	0.024479
13346	0.017929
13355	0.064357
13358	0.034682
13362	0.027799
13367	0.049743
13373	0.156185
13434	0.009676
