356
t_index	tf-idf
304	0.034507
308	0.059616
332	0.048515
338	0.074093
384	0.022426
476	0.370973
477	0.158000
498	0.016832
550	0.059616
659	0.022511
667	0.045022
693	0.024917
708	0.049705
716	0.021689
717	0.011788
737	0.036265
758	0.038191
784	0.063713
1064	0.028693
1239	0.047450
1279	0.057187
1290	0.032711
1335	0.011410
1339	0.022771
1349	0.010406
1353	0.019690
1356	0.036018
1397	0.049705
1451	0.063713
1544	0.049705
1546	0.059616
1727	0.063713
1764	0.063713
1788	0.025137
1841	0.018881
1883	0.049705
1887	0.032030
1970	0.033961
2016	0.038995
2036	0.025945
2154	0.025945
2156	0.077208
2198	0.034507
2311	0.074827
2347	0.027364
2370	0.036692
2383	0.017859
2428	0.014844
2463	0.235948
2479	0.044050
2490	0.038191
2536	0.080892
2549	0.028749
2576	0.022949
2617	0.042701
2628	0.023691
2639	0.038604
2665	0.063713
2753	0.042701
2794	0.035084
2814	0.026694
2833	0.020811
2852	0.049631
2943	0.060820
2997	0.046487
3037	0.048515
3097	0.037046
3142	0.030599
3154	0.016687
3166	0.026313
3200	0.039034
3252	0.027090
3260	0.055006
3261	0.017805
3308	0.048515
3327	0.022684
3396	0.073383
3442	0.027933
3469	0.053913
3470	0.049705
3537	0.035386
3571	0.035386
3619	0.033961
3639	0.031813
3801	0.018244
3822	0.021768
3823	0.033442
3838	0.026066
3839	0.027364
3862	0.034230
3870	0.017967
3910	0.013150
3914	0.032949
3946	0.030224
3987	0.040964
3991	0.059616
4000	0.028445
4014	0.038191
4082	0.040446
4113	0.027226
4135	0.210506
4143	0.031187
4154	0.050875
4160	0.023595
4170	0.026825
4204	0.063713
4242	0.064060
4243	0.049705
4254	0.016125
4257	0.040964
4260	0.063713
4274	0.063713
4308	0.018301
4314	0.046812
4317	0.044799
4340	0.028080
4350	0.084177
4355	0.018357
4356	0.059616
4374	0.049705
4401	0.023406
4464	0.031392
4505	0.044020
4542	0.018133
4564	0.063713
4586	0.043353
4690	0.035290
4712	0.042780
4736	0.047450
4770	0.105253
4809	0.028693
4860	0.026825
4891	0.056709
4956	0.025475
4988	0.016125
5026	0.013672
5051	0.019002
5087	0.035386
5103	0.017079
5169	0.031600
5241	0.042701
5277	0.063713
5301	0.056709
5311	0.049187
5343	0.023406
5378	0.019953
5392	0.059616
5467	0.049705
5484	0.016980
5548	0.025308
5648	0.024702
5671	0.020712
5721	0.054454
5840	0.056709
5854	0.026825
5928	0.036018
6005	0.021003
6061	0.032949
6073	0.024596
6082	0.063713
6099	0.037046
6106	0.043353
6121	0.032030
6132	0.051054
6170	0.047450
6210	0.047190
6219	0.016309
6335	0.309874
6473	0.042701
6545	0.054454
6645	0.009421
6674	0.063713
6844	0.045897
6856	0.007861
6870	0.041511
6911	0.036601
6913	0.026165
6923	0.016735
6999	0.119231
7013	0.021378
7019	0.032252
7027	0.034836
7045	0.039380
7051	0.026066
7074	0.019434
7080	0.016449
7118	0.016496
7132	0.063713
7139	0.036349
7140	0.016263
7179	0.031392
7234	0.063713
7302	0.031600
7324	0.119231
7353	0.058352
7359	0.063713
7412	0.025826
7482	0.056709
7489	0.028445
7522	0.024285
7643	0.047450
7651	0.021929
7700	0.013744
7715	0.017645
7829	0.037414
7830	0.042088
7837	0.051054
7942	0.040964
7979	0.029769
8041	0.029688
8090	0.038618
8125	0.031600
8165	0.016687
8174	0.057704
8175	0.026066
8202	0.020569
8227	0.015550
8257	0.153162
8341	0.026694
8357	0.047450
8361	0.026313
8439	0.040964
8471	0.058028
8479	0.032711
8537	0.024994
8556	0.034836
8558	0.048515
8566	0.014222
8569	0.042701
8607	0.022771
8680	0.037058
8737	0.048515
8858	0.017913
8908	0.045608
8976	0.024491
9008	0.023220
9122	0.032804
9142	0.021455
9202	0.015811
9207	0.065898
9227	0.063713
9234	0.063200
9235	0.024809
9303	0.049345
9342	0.030224
9377	0.007013
9381	0.022341
9383	0.027226
9393	0.029688
9412	0.081929
9449	0.035386
9523	0.024388
9637	0.053913
9729	0.052612
9755	0.030410
9806	0.035697
9809	0.034792
9811	0.024184
9935	0.119319
9989	0.012150
10029	0.037414
10047	0.028536
10081	0.030042
10100	0.020360
10104	0.056709
10151	0.036349
10257	0.029178
10331	0.047450
10353	0.042701
10397	0.017384
10403	0.032804
10437	0.059616
10438	0.063713
10439	0.063713
10471	0.004125
10599	0.056709
10730	0.017698
10733	0.059616
10734	0.042153
10736	0.021302
10760	0.063713
10829	0.036018
10832	0.017859
10841	0.031360
10862	0.015006
11015	0.040446
11065	0.040964
11136	0.063713
11137	0.081929
11153	0.056709
11182	0.059616
11276	0.035386
11320	0.023038
11352	0.030042
11361	0.034507
11364	0.040964
11393	0.023129
11459	0.030599
11479	0.059616
11545	0.019791
11629	0.010963
11666	0.032030
11703	0.036349
11728	0.050052
11859	0.014110
11868	0.023691
11972	0.063713
11995	0.043378
12092	0.027503
12188	0.053913
12215	0.022600
12223	0.019002
12254	0.021151
12263	0.012686
12311	0.048983
12358	0.025115
12375	0.026694
12397	0.016402
12518	0.012305
12553	0.028693
12670	0.036018
12712	0.056709
12783	0.049705
12788	0.063713
12831	0.032484
12945	0.033442
12984	0.033698
13010	0.052612
13026	0.052612
13076	0.063713
13159	0.023595
13173	0.034230
13175	0.019755
13203	0.063713
13222	0.018133
13244	0.010303
13259	0.048570
13285	0.017645
13323	0.054454
13327	0.054454
13343	0.013049
13373	0.021602
13388	0.015593
13400	0.059616
13418	0.065786
13419	0.022684
13469	0.021611
13533	0.020712
13573	0.025051
13583	0.060681
13584	0.063713
13587	0.030791
13590	0.037046
13594	0.029345
13598	0.024190
13674	0.032749
