316
t_index	tf-idf
18	0.039287
87	0.025205
121	0.031984
124	0.044363
182	0.050930
201	0.034673
211	0.061244
359	0.038156
384	0.137568
394	0.025025
408	0.009864
437	0.025480
438	0.041545
497	0.037628
544	0.074848
555	0.056994
586	0.020605
646	0.021172
687	0.083164
718	0.083076
730	0.020422
780	0.060536
813	0.083076
816	0.034596
849	0.022394
881	0.013271
971	0.066620
1002	0.022394
1058	0.026809
1078	0.023518
1085	0.023208
1100	0.047070
1203	0.090190
1225	0.037628
1244	0.035293
1253	0.027387
1299	0.038428
1314	0.159278
1341	0.138386
1402	0.055743
1494	0.025667
1597	0.041570
1626	0.029661
1688	0.013106
1703	0.070035
1729	0.199859
1753	0.028772
1759	0.187743
1787	0.179930
1984	0.083076
2052	0.044866
2056	0.070035
2077	0.034278
2082	0.025387
2154	0.017439
2231	0.074848
2240	0.094875
2251	0.041936
2346	0.050164
2352	0.055743
2405	0.033342
2429	0.025205
2468	0.018523
2577	0.055743
2580	0.023322
2631	0.074848
2644	0.038708
2671	0.035725
2750	0.046936
2827	0.028059
2884	0.035946
2912	0.031208
3068	0.026648
3074	0.018679
3079	0.084625
3080	0.074848
3179	0.032815
3199	0.090701
3445	0.034278
3497	0.016146
3551	0.051146
3606	0.042313
3684	0.055743
3685	0.026648
3831	0.048766
3839	0.031984
3940	0.045856
3977	0.052891
3987	0.094716
4066	0.111486
4173	0.063971
4207	0.039287
4219	0.038758
4264	0.043953
4368	0.038156
4381	0.019269
4419	0.041457
4438	0.058289
4441	0.016752
4466	0.054054
4546	0.043521
4554	0.019269
4574	0.059977
4581	0.039287
4602	0.056994
4693	0.027831
4809	0.012976
4831	0.031984
4859	0.013641
4917	0.043104
4968	0.041333
5013	0.029272
5042	0.035056
5142	0.028529
5267	0.043104
5279	0.014865
5280	0.074848
5315	0.005902
5411	0.046384
5479	0.032815
5491	0.015649
5500	0.025857
5654	0.083076
5662	0.038994
5665	0.183423
5900	0.025857
5904	0.052629
5960	0.050164
5992	0.097383
6031	0.066328
6034	0.083076
6041	0.064619
6046	0.068271
6112	0.083076
6172	0.095030
6343	0.039587
6378	0.011068
6419	0.017677
6519	0.090190
6526	0.191913
6595	0.022905
6644	0.042998
6656	0.019660
6665	0.026445
6746	0.025114
6760	0.013641
6778	0.023131
6807	0.022831
6829	0.028410
6831	0.036878
6876	0.019105
6991	0.015649
6994	0.083076
7047	0.016932
7074	0.040128
7125	0.034673
7198	0.041570
7300	0.040965
7309	0.057641
7394	0.051523
7409	0.021904
7432	0.025387
7438	0.032291
7455	0.050930
7468	0.040538
7536	0.035507
7603	0.081836
7622	0.034044
7778	0.069753
7794	0.049444
7799	0.021808
7826	0.022683
7865	0.027497
7884	0.021499
7913	0.035725
7936	0.034278
7965	0.018268
8079	0.032815
8082	0.031359
8113	0.041216
8191	0.027065
8209	0.013074
8210	0.018801
8280	0.014681
8299	0.013641
8308	0.016708
8313	0.068271
8365	0.030480
8422	0.021767
8533	0.037628
8564	0.074848
8597	0.036036
8607	0.055743
8714	0.009716
8717	0.055743
8720	0.070035
8734	0.038428
8803	0.034278
8864	0.019269
8870	0.035353
8895	0.032988
8899	0.089732
8938	0.038981
9002	0.018217
9057	0.039587
9116	0.076439
9124	0.040538
9125	0.034278
9128	0.016478
9132	0.026246
9200	0.041936
9212	0.041570
9234	0.028059
9240	0.054612
9277	0.028650
9318	0.037123
9321	0.046384
9493	0.140069
9538	0.033895
9580	0.022323
9625	0.025296
9626	0.024164
9646	0.030622
9718	0.042313
9748	0.028410
9753	0.023362
9760	0.033708
9762	0.043953
9770	0.014274
9797	0.053579
9806	0.037889
9811	0.043521
9821	0.011924
9867	0.021767
9909	0.018268
9916	0.041216
9918	0.052629
10073	0.034673
10093	0.036173
10112	0.066620
10120	0.028650
10234	0.038765
10254	0.079792
10334	0.029793
10349	0.048124
10422	0.074848
10492	0.014828
10495	0.020791
10501	0.025025
10556	0.025667
10570	0.037373
10591	0.039896
10598	0.061807
10627	0.017629
10641	0.239907
10717	0.063971
10775	0.020980
10797	0.074848
10802	0.023362
10852	0.013848
10977	0.019717
10978	0.044866
11075	0.166151
11076	0.058392
11122	0.029272
11134	0.043104
11210	0.066620
11305	0.022831
11311	0.015500
11481	0.060679
11498	0.043953
11584	0.025387
11627	0.049727
11662	0.145486
11679	0.050164
11803	0.040212
11895	0.044866
11919	0.046384
11920	0.028175
11921	0.020005
11959	0.031668
11980	0.006637
12020	0.027718
12075	0.028772
12092	0.029593
12105	0.035507
12137	0.048948
12164	0.019269
12206	0.048766
12243	0.043953
12284	0.014455
12392	0.023312
12598	0.025440
12633	0.058392
12731	0.028249
12734	0.063971
12745	0.030113
12747	0.070035
12748	0.018167
12866	0.038994
12915	0.083076
13011	0.016945
13041	0.032310
13052	0.020729
13151	0.059977
13172	0.074848
13179	0.022905
13219	0.022323
13227	0.065976
13277	0.049444
13314	0.068555
13358	0.034474
13362	0.036843
13441	0.036036
13442	0.127399
13450	0.022466
