373
t_index	tf-idf
153	0.058361
319	0.039160
384	0.018508
395	0.041021
397	0.034258
436	0.023423
471	0.052581
489	0.028713
553	0.022469
634	0.032585
684	0.020789
739	0.029998
782	0.010470
868	0.014347
878	0.047101
944	0.030574
999	0.074381
1010	0.014347
1026	0.037298
1064	0.023680
1067	0.024501
1080	0.058361
1216	0.022698
1238	0.023174
1309	0.044494
1339	0.018793
1349	0.008588
1386	0.044940
1418	0.030877
1470	0.046349
1595	0.031859
1728	0.019631
1748	0.035779
1769	0.018031
1887	0.026434
1959	0.029460
1962	0.009207
1978	0.031519
1983	0.032607
1993	0.017456
2011	0.049200
2016	0.016091
2056	0.023423
2062	0.041021
2178	0.024944
2181	0.085649
2188	0.020042
2215	0.031859
2266	0.014347
2311	0.030877
2387	0.024794
2413	0.023289
2428	0.036752
2433	0.029460
2456	0.035779
2460	0.028955
2538	0.036972
2546	0.032585
2570	0.043848
2596	0.065170
2628	0.019551
2668	0.019013
2677	0.036972
2688	0.043420
2697	0.033807
2734	0.053609
2750	0.062133
2815	0.073944
2901	0.021314
2961	0.175084
2968	0.065945
3010	0.025411
3135	0.049200
3154	0.013771
3159	0.044940
3209	0.018369
3234	0.031519
3261	0.337964
3387	0.052581
3534	0.037639
3614	0.028250
3636	0.013891
3640	0.058361
3679	0.057040
3715	0.024080
3728	0.027393
3846	0.026434
3910	0.043411
3913	0.021819
4000	0.011737
4015	0.052581
4152	0.047889
4154	0.010497
4160	0.019472
4170	0.022138
4211	0.022814
4235	0.014739
4241	0.098918
4284	0.032973
4308	0.060413
4340	0.023174
4410	0.035779
4416	0.018578
4421	0.049200
4424	0.056054
4476	0.022247
4490	0.027599
4520	0.007737
4521	0.058361
4542	0.044894
4621	0.081578
4641	0.026805
4664	0.040038
4696	0.040038
4712	0.058843
4716	0.049200
4738	0.025315
4778	0.030574
4910	0.022583
4988	0.013308
5008	0.018649
5011	0.040038
5051	0.015682
5052	0.018793
5080	0.009116
5095	0.049200
5103	0.014095
5108	0.325848
5117	0.023551
5121	0.041021
5127	0.096321
5137	0.044061
5154	0.037639
5238	0.043556
5311	0.015613
5541	0.031768
5566	0.058361
5584	0.041464
5595	0.034666
5599	0.028478
5624	0.024358
5633	0.043420
5648	0.020386
5671	0.034186
5674	0.058361
5719	0.013233
5755	0.021988
5848	0.105162
5851	0.049200
5888	0.022698
6005	0.017333
6049	0.021988
6067	0.029998
6073	0.020299
6089	0.028713
6181	0.022357
6210	0.019472
6254	0.028955
6310	0.031974
6395	0.025739
6422	0.067615
6441	0.051147
6466	0.034911
6469	0.036354
6475	0.036354
6479	0.038365
6484	0.027193
6609	0.043420
6645	0.007775
6782	0.026434
6788	0.029460
6800	0.043420
6862	0.016091
6908	0.071557
6911	0.015103
6925	0.014389
6937	0.012486
7009	0.031192
7074	0.016039
7099	0.033807
7161	0.021924
7165	0.017643
7235	0.041021
7255	0.010994
7295	0.036354
7308	0.014262
7311	0.023789
7338	0.042049
7353	0.019263
7395	0.031519
7397	0.030877
7406	0.027811
7430	0.037639
7504	0.042134
7506	0.058361
7522	0.040084
7553	0.023298
7631	0.026996
7658	0.058361
7715	0.101934
7748	0.049200
7752	0.058361
7801	0.023298
7815	0.044940
7830	0.034735
7835	0.030281
7863	0.013891
7865	0.019164
7876	0.040038
8006	0.049200
8011	0.058361
8090	0.031871
8117	0.049884
8157	0.046801
8163	0.049200
8168	0.058361
8180	0.082041
8206	0.041885
8305	0.036354
8399	0.016860
8437	0.026434
8443	0.023298
8448	0.019013
8463	0.009184
8528	0.017965
8547	0.058361
8556	0.038333
8566	0.011737
8571	0.015987
8574	0.022357
8575	0.029998
8611	0.026434
8654	0.040038
8670	0.035240
8675	0.058361
8680	0.015292
8722	0.049200
8774	0.029998
8858	0.044350
8884	0.017152
8912	0.031519
8972	0.006826
9061	0.024080
9109	0.034735
9128	0.012418
9130	0.018098
9142	0.017707
9199	0.020474
9235	0.020474
9342	0.024944
9372	0.039160
9377	0.011576
9380	0.013383
9395	0.029725
9400	0.029725
9456	0.031859
9512	0.021120
9542	0.032182
9665	0.258380
9737	0.058361
9838	0.016976
9858	0.043024
9889	0.058361
9928	0.036972
10004	0.021924
10021	0.137997
10034	0.026805
10048	0.147503
10108	0.034735
10117	0.020474
10129	0.012833
10187	0.033807
10199	0.033807
10237	0.036972
10246	0.058361
10247	0.058361
10248	0.058361
10264	0.069470
10289	0.031519
10293	0.026255
10298	0.049200
10350	0.036354
10362	0.040038
10440	0.058361
10447	0.049200
10464	0.024944
10471	0.017020
10490	0.036354
10614	0.052581
10632	0.052581
10690	0.213120
10704	0.015935
10734	0.034788
10784	0.170508
10785	0.218784
10787	0.043420
10791	0.018031
10832	0.014739
10841	0.012940
10847	0.035541
11024	0.043420
11038	0.016412
11116	0.016633
11155	0.042134
11183	0.043420
11325	0.018866
11330	0.049200
11393	0.019088
11411	0.043420
11412	0.073938
11413	0.044939
11440	0.014873
11463	0.052581
11489	0.024944
11491	0.044940
11509	0.063718
11545	0.027222
11548	0.046801
11560	0.058361
11597	0.058361
11629	0.009048
11664	0.023298
11728	0.041307
11791	0.031192
11994	0.019506
12040	0.023298
12047	0.026996
12092	0.022698
12093	0.015533
12110	0.022138
12131	0.019088
12215	0.004663
12223	0.015682
12243	0.034258
12256	0.016250
12258	0.046801
12263	0.020940
12315	0.032585
12423	0.022357
12518	0.030465
12553	0.047360
12610	0.092631
12621	0.027193
12626	0.021836
12757	0.024944
12886	0.038365
12922	0.030281
12970	0.010577
12998	0.041021
13001	0.038365
13098	0.082180
13107	0.020837
13115	0.017152
13165	0.024218
13168	0.031519
13218	0.030574
13222	0.014965
13225	0.023551
13244	0.008503
13320	0.041195
13343	0.010769
13354	0.035779
13425	0.051814
13481	0.026617
13483	0.018164
13492	0.016976
13499	0.032824
13533	0.017093
13538	0.052581
13573	0.010337
13598	0.013309
13674	0.027027
13701	0.041674
