450
t_index	tf-idf
9	0.020340
35	0.033081
71	0.014262
87	0.027804
105	0.029062
115	0.014531
119	0.026897
217	0.010906
241	0.022543
273	0.035283
394	0.013803
400	0.021835
401	0.043759
408	0.005441
495	0.033081
497	0.020754
518	0.028091
525	0.009339
563	0.045821
588	0.016006
589	0.011264
599	0.018490
664	0.072013
720	0.019466
730	0.022528
849	0.012352
881	0.014639
924	0.052415
940	0.017821
1032	0.034934
1034	0.036745
1035	0.064413
1042	0.027272
1058	0.014787
1072	0.013485
1117	0.027272
1180	0.038629
1182	0.040416
1184	0.034934
1193	0.036390
1234	0.038701
1371	0.032207
1438	0.034090
1494	0.028314
1523	0.036781
1617	0.030746
1620	0.442462
1626	0.016360
1629	0.019704
1685	0.069391
1688	0.007229
1709	0.076803
1720	0.054820
1782	0.036781
1810	0.020613
1845	0.035284
1858	0.016890
1902	0.039168
1912	0.015736
1918	0.013283
1973	0.023338
2016	0.043015
2050	0.042391
2072	0.017730
2088	0.045821
2091	0.021508
2139	0.027428
2140	0.045821
2154	0.028856
2159	0.023130
2253	0.022733
2269	0.028543
2271	0.066162
2276	0.026207
2313	0.034934
2353	0.020340
2363	0.020613
2380	0.019014
2406	0.058056
2418	0.038629
2426	0.026543
2445	0.015351
2463	0.021045
2479	0.024392
2511	0.030746
2560	0.006274
2578	0.022543
2580	0.012864
2591	0.034403
2604	0.026543
2629	0.016734
2717	0.041283
2754	0.029740
2765	0.031436
2775	0.038629
2802	0.033081
2824	0.045821
2864	0.017207
2869	0.036745
2875	0.058056
2895	0.010812
2899	0.018490
2922	0.015736
2947	0.039984
2950	0.028844
2975	0.024746
3002	0.080758
3019	0.032207
3028	0.022733
3068	0.014698
3131	0.022359
3141	0.011399
3146	0.045681
3263	0.024490
3288	0.027668
3298	0.022005
3340	0.045821
3388	0.020208
3425	0.022929
3458	0.086030
3479	0.038629
3497	0.017811
3529	0.011822
3549	0.024746
3566	0.016890
3567	0.017730
3574	0.020754
3641	0.025562
3644	0.068524
3712	0.034090
3726	0.009215
3777	0.032207
3802	0.023338
3829	0.020613
3881	0.008241
3898	0.017381
3958	0.041283
3965	0.026897
3968	0.034715
4006	0.026207
4022	0.091643
4035	0.011895
4111	0.017467
4191	0.020340
4214	0.011198
4220	0.021196
4243	0.035284
4286	0.028543
4329	0.020340
4348	0.192148
4379	0.066162
4381	0.010628
4392	0.031436
4407	0.007193
4547	0.026897
4590	0.041283
4599	0.019951
4621	0.016507
4681	0.045821
4693	0.015351
4712	0.036745
4717	0.010448
4737	0.029284
4755	0.044295
4756	0.045821
4780	0.012352
4809	0.028629
4838	0.051167
4847	0.369809
4848	0.045821
4857	0.037813
4867	0.034593
4869	0.028091
4924	0.027272
5042	0.019335
5103	0.036745
5108	0.025857
5134	0.026474
5191	0.070568
5279	0.008199
5315	0.055343
5382	0.016006
5392	0.041283
5419	0.024410
5454	0.031169
5482	0.031436
5485	0.009339
5491	0.060421
5500	0.014262
5624	0.017821
5691	0.035284
5740	0.040826
5787	0.017263
5806	0.024490
5873	0.016145
5937	0.028091
5955	0.010567
5958	0.032207
5990	0.022733
6002	0.120487
6100	0.019466
6129	0.020208
6136	0.082566
6200	0.013705
6278	0.015605
6354	0.018005
6378	0.012209
6383	0.014755
6419	0.009750
6577	0.029740
6589	0.005093
6650	0.066162
6675	0.029552
6680	0.022359
6713	0.044265
6760	0.007524
6778	0.012758
6784	0.016890
6991	0.034526
7033	0.014642
7044	0.011198
7047	0.018678
7069	0.041283
7074	0.011067
7117	0.034090
7149	0.016734
7150	0.022929
7202	0.026897
7225	0.009215
7273	0.029028
7289	0.018292
7358	0.022733
7361	0.058056
7371	0.080692
7394	0.014209
7404	0.038629
7405	0.045821
7409	0.012081
7418	0.025583
7432	0.014003
7489	0.059104
7539	0.018292
7569	0.035284
7776	0.029028
7779	0.014157
7807	0.147760
7839	0.024004
7853	0.023499
7856	0.026207
7902	0.043249
7929	0.029552
7943	0.019731
7965	0.020152
7992	0.045821
8038	0.041283
8045	0.028543
8099	0.018005
8110	0.022005
8192	0.017553
8241	0.045821
8276	0.045821
8280	0.024293
8299	0.015048
8335	0.045821
8346	0.061491
8355	0.036745
8443	0.029028
8538	0.036745
8599	0.011607
8604	0.038629
8637	0.091643
8639	0.026543
8709	0.096970
8714	0.010718
8793	0.077257
8809	0.034090
8813	0.038029
8865	0.030746
8870	0.038999
8872	0.014209
8904	0.026543
8944	0.051226
8951	0.018592
8976	0.020475
8977	0.016075
8990	0.029028
9000	0.014987
9002	0.010048
9050	0.007993
9057	0.021835
9064	0.024004
9074	0.038629
9095	0.019584
9123	0.061491
9128	0.031810
9131	0.021015
9143	0.025888
9175	0.019236
9225	0.022543
9234	0.015476
9254	0.024243
9307	0.045821
9315	0.034090
9337	0.018390
9339	0.023284
9384	0.010719
9439	0.109234
9482	0.016582
9489	0.042470
9490	0.030746
9528	0.019704
9580	0.012312
9603	0.034090
9626	0.013328
9689	0.019125
9697	0.020754
9710	0.029028
9743	0.018906
9747	0.017553
9770	0.007873
9802	0.021669
9823	0.018005
9829	0.086857
9881	0.013192
9889	0.054543
9909	0.020152
9968	0.064413
9983	0.033395
10003	0.029028
10093	0.019951
10120	0.015802
10166	0.021256
10234	0.040090
10262	0.045821
10271	0.036745
10338	0.018292
10351	0.045821
10365	0.206864
10375	0.017131
10428	0.038629
10453	0.027272
10455	0.018592
10469	0.012511
10492	0.040892
10497	0.032432
10501	0.013803
10549	0.019125
10551	0.071573
10556	0.056627
10643	0.027272
10652	0.024004
10775	0.011572
10823	0.021508
10939	0.045821
11040	0.114644
11055	0.045821
11067	0.091643
11079	0.025583
11089	0.014812
11113	0.020208
11145	0.029028
11154	0.026543
11158	0.014987
11169	0.018800
11198	0.050585
11228	0.041283
11274	0.050027
11305	0.025185
11311	0.072668
11365	0.013705
11403	0.035284
11424	0.012006
11458	0.033081
11498	0.024243
11502	0.045821
11566	0.018005
11582	0.016075
11605	0.044396
11627	0.036570
11632	0.041227
11636	0.015351
11654	0.024490
11701	0.070568
11736	0.016969
11763	0.015315
11770	0.035284
11774	0.012758
11776	0.045821
11785	0.036745
11809	0.018292
11823	0.021669
11892	0.090365
11932	0.016006
11949	0.014642
11980	0.010983
12008	0.026897
12027	0.020754
12028	0.016440
12082	0.038629
12092	0.010882
12105	0.019584
12128	0.015605
12137	0.008999
12164	0.021256
12188	0.038629
12227	0.020898
12246	0.025888
12260	0.018005
12284	0.031892
12347	0.049724
12367	0.045821
12372	0.011858
12392	0.017144
12502	0.032207
12600	0.018490
12627	0.036745
12713	0.021669
12726	0.016216
12731	0.003895
12848	0.018093
12875	0.016360
12883	0.053868
12990	0.140990
12994	0.036981
13010	0.035825
13011	0.009346
13051	0.017764
13086	0.032207
13088	0.032343
13092	0.015736
13110	0.016910
13136	0.030746
13140	0.006999
13155	0.010658
13184	0.014209
13219	0.024625
13244	0.020898
13249	0.045821
13255	0.013328
13262	0.077314
13278	0.118208
13295	0.015540
13314	0.018906
13334	0.016216
13336	0.008116
13339	0.026841
13362	0.010161
13434	0.005305
13461	0.016360
13470	0.026207
