391
t_index	tf-idf
71	0.020129
112	0.051861
113	0.058266
117	0.045456
158	0.036538
214	0.035304
237	0.017889
273	0.024899
390	0.023510
438	0.010781
458	0.016583
560	0.038491
599	0.026097
664	0.033880
720	0.027474
738	0.037962
794	0.039051
809	0.037962
849	0.017433
881	0.010331
888	0.040285
940	0.050304
961	0.025680
963	0.043394
1032	0.024652
1039	0.046690
1062	0.020825
1072	0.019032
1078	0.018308
1100	0.024428
1113	0.032939
1182	0.028522
1193	0.077040
1317	0.035304
1458	0.048114
1561	0.109039
1612	0.029495
1620	0.200727
1638	0.049799
1685	0.065291
1688	0.020406
1709	0.126465
1720	0.096716
1762	0.023727
1782	0.077868
1792	0.033165
1858	0.023838
1872	0.019007
1905	0.023727
1912	0.022209
1949	0.064672
1973	0.032939
1991	0.015898
2016	0.030355
2070	0.014957
2139	0.051615
2154	0.040726
2253	0.032085
2281	0.064672
2316	0.032939
2320	0.054520
2357	0.021665
2380	0.053673
2397	0.021069
2398	0.030818
2427	0.064672
2463	0.029703
2465	0.048114
2479	0.034426
2542	0.040970
2543	0.064672
2551	0.099598
2552	0.054520
2566	0.024295
2567	0.037463
2754	0.020987
2765	0.044368
2809	0.018126
2864	0.032380
2875	0.040970
2919	0.017051
2984	0.031557
3002	0.113980
3033	0.036108
3087	0.022024
3131	0.031557
3160	0.064672
3177	0.058266
3370	0.058187
3390	0.129343
3409	0.021069
3497	0.012569
3529	0.033369
3566	0.047676
3574	0.029292
3598	0.016432
3608	0.021754
3641	0.036078
3644	0.072535
3683	0.051861
3726	0.026013
3738	0.033555
3778	0.046690
3955	0.034564
3993	0.024899
3997	0.031058
4035	0.016788
4076	0.015129
4111	0.024652
4203	0.024652
4214	0.079020
4217	0.030584
4232	0.020129
4247	0.017147
4269	0.033165
4325	0.032361
4329	0.028708
4334	0.064672
4348	0.090398
4365	0.194015
4367	0.064672
4369	0.029495
4460	0.029495
4462	0.014260
4466	0.028053
4506	0.033880
4547	0.037962
4639	0.050049
4693	0.021665
4705	0.043394
4737	0.020665
4755	0.012503
4757	0.116533
4809	0.050508
4832	0.031238
4847	0.313165
4857	0.026684
4859	0.010619
4867	0.048825
4924	0.076981
4967	0.054520
5042	0.006822
5073	0.021405
5135	0.031557
5146	0.024295
5215	0.031056
5233	0.025152
5239	0.023838
5313	0.049799
5315	0.045947
5351	0.031304
5358	0.026992
5382	0.045181
5404	0.018941
5419	0.034452
5454	0.014664
5485	0.013181
5491	0.073095
5607	0.020432
5624	0.025152
5691	0.049799
5718	0.036538
5787	0.012182
5968	0.020432
5982	0.064672
5990	0.032085
6000	0.019207
6002	0.170053
6046	0.017716
6057	0.051861
6106	0.064672
6129	0.028522
6156	0.037463
6175	0.028339
6178	0.043394
6194	0.049799
6200	0.019343
6207	0.039051
6209	0.040285
6218	0.030133
6226	0.037463
6308	0.058266
6329	0.058863
6354	0.025412
6419	0.027521
6507	0.035697
6521	0.032646
6528	0.039051
6593	0.043394
6595	0.035662
6599	0.032081
6641	0.039647
6646	0.011964
6706	0.045574
6731	0.033555
6742	0.069129
6760	0.021239
6768	0.031304
6778	0.018007
6851	0.030172
6900	0.018369
6909	0.026097
6991	0.012182
7031	0.040285
7033	0.020665
7038	0.028899
7044	0.015804
7047	0.026361
7069	0.058266
7134	0.034216
7194	0.026097
7202	0.037962
7225	0.013007
7244	0.058266
7257	0.096229
7258	0.044418
7289	0.051634
7305	0.051861
7339	0.029703
7366	0.046690
7371	0.075925
7453	0.064546
7487	0.058266
7539	0.051634
7594	0.041709
7601	0.015393
7603	0.021236
7653	0.038280
7799	0.008488
7807	0.083418
7826	0.017658
7844	0.046690
7853	0.022111
7879	0.026097
7884	0.016736
7902	0.015260
7938	0.046690
7943	0.027848
7966	0.058266
7997	0.015898
8072	0.051861
8192	0.024775
8280	0.011429
8299	0.010619
8313	0.035431
8315	0.035697
8316	0.049549
8346	0.043394
8349	0.020825
8476	0.058266
8503	0.086788
8599	0.032763
8601	0.026837
8603	0.030355
8608	0.030355
8622	0.043394
8625	0.019007
8709	0.034216
8714	0.030254
8718	0.044796
8782	0.058266
8803	0.053368
8821	0.029093
8852	0.045456
8864	0.030000
8919	0.064672
8941	0.022688
8944	0.014460
8951	0.078721
8977	0.022688
9000	0.021152
9035	0.028522
9095	0.027641
9128	0.044896
9130	0.036989
9131	0.029661
9134	0.024899
9198	0.026386
9227	0.034564
9262	0.033242
9295	0.017831
9372	0.064672
9439	0.132146
9490	0.043394
9515	0.029915
9646	0.023838
9697	0.029292
9770	0.011112
9802	0.091751
9829	0.081726
9843	0.036538
9849	0.022209
9881	0.018619
9909	0.028442
9966	0.037463
9983	0.015711
10060	0.029093
10065	0.109039
10074	0.034564
10125	0.058266
10166	0.045000
10234	0.041494
10346	0.017003
10375	0.024178
10379	0.058266
10453	0.038491
10455	0.104961
10497	0.022887
10499	0.019275
10527	0.064672
10549	0.080976
10551	0.121220
10554	0.050825
10671	0.061635
10903	0.043394
10977	0.015349
10990	0.064672
11082	0.028708
11113	0.028522
11128	0.025817
11254	0.027641
11305	0.017773
11311	0.060331
11424	0.033890
11432	0.024295
11458	0.046690
11498	0.034216
11499	0.039647
11559	0.034564
11564	0.032646
11566	0.025412
11582	0.022688
11627	0.051615
11647	0.028159
11654	0.069129
11701	0.099598
11763	0.010808
11809	0.025817
11823	0.030584
11891	0.045456
11892	0.127540
11922	0.030133
11931	0.064672
11932	0.022590
11980	0.015501
11990	0.029082
12029	0.039051
12092	0.015358
12124	0.011484
12137	0.050805
12152	0.030355
12193	0.031304
12284	0.022506
12337	0.034564
12347	0.035090
12387	0.030133
12392	0.006049
12598	0.009902
12726	0.022887
12731	0.005498
12789	0.036538
12875	0.138540
12883	0.057021
12986	0.067759
12990	0.116078
12994	0.052194
12995	0.029495
13010	0.025281
13011	0.003769
13051	0.012536
13088	0.045649
13090	0.049799
13092	0.022209
13155	0.015043
13179	0.017831
13184	0.020054
13206	0.015665
13219	0.034755
13233	0.019763
13234	0.051861
13244	0.029495
13262	0.072746
13268	0.046690
13278	0.125128
13336	0.011455
13351	0.028159
13362	0.043021
13376	0.049799
13434	0.014975
13450	0.017489
13461	0.046180
