359
t_index	tf-idf
286	0.032386
350	0.020824
400	0.025760
435	0.044894
443	0.043151
553	0.025760
564	0.056404
666	0.031883
684	0.023833
716	0.020521
737	0.034312
751	0.032131
842	0.035759
865	0.016595
878	0.026999
930	0.061030
944	0.070101
999	0.028424
1031	0.032917
1074	0.040401
1089	0.078549
1101	0.066907
1216	0.156129
1266	0.066907
1282	0.066907
1309	0.076514
1319	0.039821
1349	0.009845
1362	0.018691
1457	0.056404
1459	0.029508
1461	0.051009
1474	0.028772
1659	0.032131
1737	0.053654
1895	0.230740
1962	0.042222
1976	0.014672
1982	0.029701
1983	0.037382
1992	0.061030
1993	0.100059
2013	0.036134
2025	0.049778
2056	0.080560
2074	0.060281
2085	0.120396
2111	0.020227
2182	0.040401
2204	0.043983
2245	0.039821
2249	0.034078
2267	0.056404
2297	0.078549
2347	0.025890
2357	0.020446
2413	0.093449
2428	0.028089
2433	0.033774
2463	0.022324
2524	0.033195
2549	0.013600
2607	0.034078
2668	0.065392
2669	0.031883
2677	0.042386
2750	0.035616
2802	0.041018
2833	0.019690
2841	0.025134
2852	0.009392
2901	0.024435
2964	0.022506
2968	0.037801
3026	0.021712
3054	0.038758
3111	0.028772
3121	0.008375
3166	0.024895
3176	0.045197
3178	0.017641
3261	0.067383
3327	0.042924
3392	0.032648
3571	0.066960
3575	0.066907
3619	0.032131
3658	0.029508
3803	0.048304
3846	0.060609
3862	0.032386
3870	0.017000
3880	0.022506
3895	0.027764
3910	0.099535
3913	0.025014
3922	0.060281
4000	0.013456
4014	0.036134
4030	0.038758
4051	0.047027
4154	0.012034
4162	0.023678
4202	0.045901
4216	0.035759
4241	0.037801
4242	0.090914
4308	0.017315
4326	0.021545
4373	0.048304
4383	0.033774
4387	0.048304
4391	0.029701
4411	0.019802
4416	0.021299
4424	0.032131
4428	0.025014
4452	0.039821
4476	0.076514
4482	0.027764
4490	0.031641
4520	0.008870
4542	0.017156
4621	0.155872
4634	0.066907
4678	0.010503
4738	0.014511
4765	0.048304
4892	0.024103
5008	0.021380
5050	0.043151
5051	0.017978
5080	0.010451
5103	0.016159
5108	0.074713
5117	0.350990
5129	0.010986
5137	0.151537
5186	0.023172
5194	0.039821
5199	0.033774
5311	0.017899
5343	0.022145
5373	0.107308
5378	0.018878
5448	0.051521
5534	0.060281
5540	0.060281
5541	0.018210
5584	0.023768
5595	0.019871
5624	0.027925
5648	0.070114
5651	0.021628
5671	0.039192
5719	0.015171
5755	0.025207
5983	0.037801
6049	0.012604
6067	0.034391
6073	0.023271
6190	0.039821
6210	0.022324
6266	0.131949
6310	0.036656
6330	0.056848
6466	0.020012
6470	0.021380
6484	0.031174
6645	0.008914
6844	0.021712
6856	0.007437
6862	0.018447
6908	0.041018
6911	0.017315
6932	0.042597
6937	0.014314
6943	0.026853
6948	0.038758
7009	0.071518
7027	0.010986
7098	0.029701
7099	0.038758
7161	0.025134
7179	0.029701
7255	0.012604
7308	0.032701
7310	0.066907
7311	0.013636
7353	0.022083
7380	0.049778
7404	0.051521
7489	0.013456
7492	0.034391
7537	0.042386
7553	0.026710
7564	0.016496
7622	0.033195
7625	0.042386
7635	0.117824
7656	0.077516
7715	0.050083
7801	0.080129
7853	0.021970
7865	0.021970
7979	0.014083
8026	0.056404
8070	0.129453
8117	0.022876
8148	0.026853
8165	0.015788
8206	0.067226
8304	0.039821
8341	0.025256
8358	0.053654
8399	0.019329
8407	0.037356
8443	0.026710
8448	0.021797
8477	0.045901
8537	0.017736
8574	0.025631
8597	0.051521
8604	0.089788
8649	0.030305
8856	0.014511
8858	0.050844
8933	0.021797
8967	0.035398
8972	0.007825
8976	0.023172
9061	0.027606
9122	0.015518
9128	0.014236
9130	0.020748
9209	0.108590
9234	0.029898
9235	0.046945
9251	0.043983
9255	0.036134
9259	0.044016
9289	0.029508
9338	0.053654
9342	0.028596
9377	0.053083
9380	0.030686
9392	0.037801
9478	0.045197
9500	0.035398
9508	0.034391
9510	0.060281
9665	0.045571
9684	0.026021
9708	0.024212
9717	0.044894
9742	0.030949
9800	0.028089
9838	0.019461
9897	0.034078
9928	0.042386
9989	0.011496
10002	0.040401
10021	0.031641
10034	0.030730
10048	0.169103
10071	0.024548
10100	0.038526
10129	0.014712
10187	0.038758
10232	0.056404
10293	0.030099
10299	0.029898
10386	0.044894
10403	0.015518
10452	0.037356
10464	0.028596
10471	0.019513
10518	0.027451
10590	0.026710
10622	0.028772
10690	0.054295
10727	0.011942
10784	0.027925
10785	0.125411
10845	0.033480
10869	0.047027
10986	0.039275
11011	0.016897
11116	0.019068
11276	0.033480
11318	0.029701
11325	0.021628
11349	0.029508
11359	0.041804
11393	0.021883
11424	0.039275
11435	0.043983
11537	0.066907
11545	0.043691
11559	0.021058
11629	0.010373
11634	0.041677
11799	0.031883
11814	0.023472
11882	0.033195
11913	0.039821
11933	0.051521
11994	0.011181
12047	0.030949
12054	0.031641
12093	0.017808
12110	0.025380
12119	0.047027
12120	0.087966
12161	0.116856
12256	0.018630
12260	0.022506
12263	0.012003
12288	0.039821
12311	0.023172
12316	0.043983
12327	0.039722
12371	0.013140
12422	0.056404
12444	0.021883
12572	0.066907
12582	0.036303
12606	0.017315
12626	0.025034
12642	0.044894
12760	0.066907
12831	0.020489
12922	0.034715
12959	0.023678
12964	0.005688
13001	0.043983
13107	0.095553
13115	0.019664
13165	0.027764
13222	0.171559
13225	0.134996
13243	0.026291
13244	0.025344
13320	0.031485
13330	0.021712
13340	0.028255
13360	0.041677
13418	0.041495
13430	0.056404
13481	0.030515
13483	0.041649
13497	0.034078
13499	0.094076
13515	0.129453
13552	0.022324
13598	0.015258
13620	0.066907
13674	0.023238
13701	0.047776
