431
t_index	tf-idf
111	0.061925
306	0.022782
319	0.030283
329	0.032583
394	0.028625
420	0.021674
489	0.022204
498	0.010742
553	0.017376
634	0.100793
659	0.014367
677	0.012244
684	0.010718
766	0.034753
792	0.029668
804	0.009198
819	0.026861
865	0.011194
867	0.015765
878	0.018212
925	0.023004
999	0.038346
1031	0.022204
1077	0.034753
1171	0.034753
1216	0.035105
1239	0.030283
1309	0.017204
1311	0.031722
1319	0.026861
1329	0.022987
1334	0.030362
1335	0.007282
1349	0.006641
1421	0.015833
1459	0.019904
1470	0.035842
1507	0.030283
1509	0.030283
1511	0.019059
1595	0.024637
1704	0.033577
1769	0.013944
1871	0.032583
1887	0.020442
1959	0.022782
1962	0.014240
1978	0.024374
1983	0.012608
1993	0.013499
2027	0.037894
2056	0.018114
2062	0.095166
2071	0.034753
2085	0.040606
2111	0.013644
2194	0.013083
2215	0.024637
2249	0.022987
2291	0.021184
2383	0.011398
2413	0.027015
2428	0.037895
2433	0.022782
2463	0.015058
2470	0.072384
2508	0.026492
2549	0.009174
2568	0.027668
2570	0.016954
2595	0.027252
2596	0.025198
2600	0.021343
2628	0.030239
2677	0.057182
2680	0.032583
2688	0.033577
2716	0.015119
2734	0.062185
2750	0.060061
2766	0.025813
2815	0.057182
2833	0.019923
2841	0.016954
2852	0.006335
3054	0.026144
3084	0.015243
3086	0.026144
3105	0.029668
3121	0.016948
3127	0.030962
3129	0.038047
3154	0.021299
3166	0.016793
3206	0.131275
3209	0.014205
3234	0.048748
3243	0.022022
3261	0.374984
3285	0.011644
3392	0.022022
3561	0.043348
3614	0.021846
3679	0.014703
3753	0.072384
3793	0.030962
3803	0.032583
3817	0.022391
3818	0.029107
3820	0.024374
3844	0.029107
3870	0.022934
3910	0.067140
3930	0.022782
3960	0.030962
4000	0.018154
4012	0.023417
4096	0.036192
4126	0.018414
4154	0.008117
4181	0.036192
4235	0.022795
4268	0.021674
4277	0.051626
4340	0.035842
4347	0.036192
4355	0.011716
4383	0.022782
4391	0.020034
4411	0.013357
4422	0.030962
4423	0.036227
4424	0.021674
4428	0.016873
4487	0.022058
4490	0.021343
4520	0.011966
4551	0.036192
4597	0.036192
4621	0.042057
4675	0.038047
4712	0.027303
4727	0.027252
4732	0.041167
4738	0.029365
4778	0.047286
4821	0.069506
4892	0.016258
4895	0.028113
4910	0.052391
4964	0.015119
4983	0.036192
5008	0.028843
5051	0.012127
5080	0.007049
5117	0.018212
5121	0.031722
5127	0.055865
5137	0.034073
5154	0.029107
5155	0.038047
5238	0.011227
5245	0.038047
5311	0.004829
5343	0.014938
5378	0.012734
5388	0.034753
5448	0.034753
5484	0.032509
5502	0.035105
5521	0.038346
5523	0.022987
5537	0.030962
5541	0.049133
5548	0.008076
5584	0.019239
5624	0.018837
5671	0.013218
5719	0.010233
5747	0.030962
5750	0.027595
5755	0.068013
5854	0.017120
5983	0.025498
6005	0.013404
6009	0.021846
6054	0.033577
6067	0.115991
6073	0.031395
6189	0.029668
6210	0.015058
6232	0.014258
6254	0.022391
6299	0.049823
6306	0.017553
6413	0.020728
6422	0.026144
6451	0.036192
6452	0.015306
6459	0.038047
6466	0.040496
6469	0.028113
6475	0.028113
6484	0.021028
6509	0.018414
6609	0.033577
6613	0.018517
6671	0.038047
6788	0.022782
6823	0.021028
6856	0.005017
6862	0.024887
6883	0.033577
6897	0.035105
6908	0.055336
6913	0.016699
6925	0.011127
6932	0.028733
6937	0.009655
6973	0.015902
6992	0.036192
6996	0.034753
7009	0.024121
7045	0.012566
7118	0.042111
7140	0.010379
7161	0.016954
7164	0.038458
7173	0.036424
7176	0.036192
7198	0.019528
7250	0.063444
7255	0.008502
7308	0.011029
7338	0.016258
7353	0.014896
7395	0.024374
7412	0.016482
7439	0.031722
7466	0.026492
7476	0.031722
7504	0.032583
7553	0.018017
7631	0.020877
7635	0.026492
7699	0.038047
7715	0.022522
7751	0.058214
7753	0.021506
7801	0.036033
7865	0.014819
7876	0.030962
7968	0.034753
8162	0.067154
8165	0.010649
8175	0.016636
8180	0.031722
8197	0.016793
8206	0.025912
8219	0.036192
8259	0.022189
8323	0.033577
8336	0.036033
8341	0.017036
8346	0.036192
8451	0.030283
8463	0.007102
8464	0.005107
8494	0.057182
8505	0.036192
8528	0.027785
8537	0.027915
8556	0.014822
8566	0.063537
8598	0.013693
8680	0.011825
8746	0.023878
8751	0.030962
8757	0.032583
8858	0.057161
8901	0.019289
8967	0.047755
8972	0.005278
8976	0.015630
9071	0.018728
9073	0.034753
9074	0.030283
9153	0.017921
9165	0.034753
9202	0.020182
9209	0.036624
9297	0.043013
9342	0.019289
9370	0.038047
9377	0.017903
9405	0.055336
9478	0.015243
9542	0.012444
9631	0.010558
9665	0.138329
9734	0.021506
9803	0.017376
9858	0.016636
9897	0.022987
9907	0.037673
9928	0.028591
10021	0.149401
10040	0.006478
10042	0.017734
10048	0.356458
10088	0.016042
10100	0.025987
10109	0.065166
10117	0.110832
10129	0.019848
10187	0.052287
10226	0.019059
10234	0.021184
10253	0.034753
10254	0.036192
10264	0.053722
10269	0.016042
10289	0.024374
10293	0.020303
10308	0.024121
10318	0.025813
10350	0.112452
10362	0.030962
10403	0.052339
10415	0.028591
10471	0.015795
10516	0.031722
10550	0.033577
10581	0.003955
10625	0.038047
10641	0.021846
10690	0.402866
10734	0.040354
10784	0.150693
10785	0.197387
10791	0.013944
10792	0.045132
10826	0.021674
10832	0.022795
10847	0.013742
10862	0.019154
10913	0.028113
10988	0.015972
11005	0.027252
11040	0.036192
11081	0.038047
11088	0.007523
11112	0.021846
11155	0.032583
11349	0.019904
11359	0.014099
11410	0.038047
11461	0.023643
11489	0.038579
11545	0.037892
11615	0.030283
11629	0.013994
11664	0.018017
11797	0.045564
11799	0.021506
11814	0.015833
11868	0.030239
11910	0.033577
11929	0.021506
11994	0.022627
12011	0.027668
12047	0.020877
12092	0.017553
12093	0.024024
12131	0.029522
12151	0.021028
12188	0.017204
12215	0.010818
12222	0.034753
12243	0.026492
12254	0.026998
12263	0.040482
12312	0.027252
12327	0.010718
12336	0.024912
12379	0.042057
12397	0.020936
12430	0.022782
12453	0.020303
12582	0.036732
12606	0.035039
12610	0.023878
12611	0.032583
12621	0.021028
12626	0.012665
12751	0.028113
12795	0.028591
12844	0.022987
12886	0.029668
12897	0.038047
12903	0.027668
12922	0.023417
12964	0.003837
12970	0.008180
12984	0.021506
13001	0.029668
13003	0.110673
13055	0.030962
13080	0.017821
13098	0.042368
13107	0.032227
13115	0.039793
13165	0.093641
13222	0.081006
13227	0.020583
13237	0.022204
13244	0.018411
13251	0.038047
13320	0.031857
13325	0.015499
13352	0.030962
13371	0.011752
13388	0.009952
13418	0.013995
13441	0.010932
13492	0.013128
13499	0.050766
13598	0.030877
13674	0.010450
13690	0.012205
13701	0.032227
