250
t_index	tf-idf
92	0.053346
130	0.054655
350	0.048404
358	0.044927
490	0.074543
640	0.056536
684	0.018466
798	0.021096
801	0.306700
804	0.031696
1010	0.038230
1062	0.025333
1195	0.065553
1339	0.025039
1349	0.011442
1373	0.053184
1431	0.024659
1553	0.057325
1758	0.042449
1769	0.024024
1801	0.024943
1914	0.107141
1962	0.036803
1976	0.017052
1983	0.021723
1993	0.023258
2077	0.020828
2181	0.057059
2291	0.036498
2345	0.035968
2368	0.033438
2383	0.019637
2406	0.062356
2460	0.115736
2561	0.057594
2566	0.081839
2576	0.025234
2640	0.023013
2716	0.104200
2739	0.017338
2750	0.041393
2833	0.011442
2841	0.029211
2852	0.010915
2863	0.233526
3010	0.067715
3037	0.053346
3084	0.026264
3109	0.082280
3158	0.031378
3176	0.026264
3178	0.225521
3206	0.022618
3209	0.024474
3309	0.029071
3316	0.038579
3337	0.027887
3347	0.026481
3402	0.023849
3410	0.043932
3581	0.046280
3684	0.047671
3802	0.019578
3910	0.086759
3913	0.087214
3946	0.033235
3993	0.052176
4000	0.015639
4045	0.038579
4054	0.035714
4160	0.025945
4170	0.058992
4216	0.041559
4244	0.024753
4246	0.053346
4330	0.035464
4411	0.138081
4487	0.038005
4520	0.061850
4525	0.046954
4542	0.019938
4784	0.092631
4849	0.036773
4934	0.046954
4988	0.017731
5026	0.060135
5112	0.057851
5311	0.024962
5365	0.043415
5402	0.022464
5414	0.029211
5535	0.053346
5541	0.021163
5584	0.055245
5599	0.037943
5970	0.024202
6125	0.021163
6199	0.034518
6219	0.017933
6250	0.056139
6523	0.032268
6621	0.061110
6728	0.315163
6897	0.030242
6913	0.014386
6932	0.024753
6943	0.031209
6983	0.029788
7027	0.025537
7096	0.026592
7297	0.024848
7308	0.019002
7311	0.015848
7347	0.041140
7353	0.025665
7358	0.041140
7388	0.032454
7458	0.031378
7460	0.052176
7489	0.015639
7522	0.053407
7535	0.046954
7719	0.280083
7901	0.077759
7979	0.016367
8147	0.020123
8156	0.047671
8206	0.033484
8213	0.038579
8216	0.025601
8259	0.076460
8462	0.023849
8464	0.017598
8556	0.025537
8566	0.031278
8574	0.029788
8577	0.098485
8580	0.070058
8598	0.023592
8611	0.035220
8677	0.043932
8737	0.053346
8745	0.046954
8849	0.065289
8856	0.033730
8858	0.019697
8860	0.032268
8976	0.053861
9289	0.034293
9303	0.013565
9374	0.032084
9377	0.030846
9380	0.017832
9383	0.029938
9441	0.053184
9515	0.023677
9521	0.035220
9522	0.050150
9541	0.077759
9542	0.021440
9584	0.031209
9701	0.057851
9716	0.024024
9847	0.034981
9861	0.093907
9962	0.032084
9967	0.026592
9972	0.021867
9989	0.013360
10029	0.164559
10040	0.011161
10042	0.030555
10056	0.058992
10100	0.044775
10226	0.032838
10257	0.032084
10308	0.041559
10355	0.160899
10397	0.019115
10398	0.037054
10409	0.109495
10471	0.049891
10581	0.006814
10610	0.029071
10704	0.021232
10711	0.057851
10730	0.019460
10734	0.069527
10800	0.027162
10805	0.069962
10812	0.084803
10813	0.030242
10841	0.034483
11011	0.019637
11031	0.041140
11194	0.024024
11320	0.025333
11396	0.049261
11528	0.057851
11545	0.014508
11568	0.022236
11647	0.041995
11664	0.031042
11698	0.040622
11700	0.041140
11714	0.056796
11745	0.033646
11806	0.046280
11828	0.042921
11835	0.056506
11860	0.045044
11902	0.131106
11914	0.057851
12025	0.147782
12093	0.020696
12131	0.025433
12215	0.006213
12256	0.021651
12287	0.030555
12301	0.053647
12327	0.027699
12444	0.025433
12457	0.042449
12489	0.030715
12518	0.027061
12613	0.077759
12682	0.056139
12686	0.057851
12718	0.077759
12795	0.049261
12964	0.013220
12970	0.014093
13115	0.022854
13208	0.026817
13222	0.179446
13227	0.035464
13244	0.006797
13284	0.045219
13352	0.053346
13371	0.121488
13412	0.042879
13441	0.018835
13533	0.022774
13598	0.053199
13605	0.070058
13619	0.041140
13674	0.009003
13690	0.042056
13724	0.047525
13759	0.044474
