428
t_index	tf-idf
111	0.061462
306	0.022612
329	0.032339
350	0.013942
394	0.028411
420	0.021512
489	0.022038
498	0.010662
553	0.017246
634	0.100040
659	0.014259
684	0.010638
766	0.034493
792	0.029446
819	0.026660
865	0.011110
867	0.015647
878	0.036152
925	0.022832
999	0.038060
1031	0.022038
1077	0.034493
1171	0.034493
1216	0.034843
1239	0.030057
1309	0.017075
1311	0.031485
1319	0.026660
1329	0.022815
1334	0.030135
1335	0.007228
1349	0.006591
1421	0.015715
1459	0.019755
1470	0.035574
1507	0.030057
1509	0.030057
1511	0.018917
1595	0.024453
1704	0.033326
1769	0.013839
1871	0.032339
1959	0.022612
1962	0.014134
1978	0.024192
1983	0.012514
1993	0.013398
2027	0.037611
2056	0.053935
2062	0.094454
2071	0.034493
2085	0.040303
2111	0.013542
2194	0.012985
2215	0.024453
2249	0.022815
2291	0.021025
2383	0.011312
2413	0.026813
2428	0.037612
2433	0.022612
2463	0.014946
2470	0.071843
2508	0.026294
2549	0.009105
2568	0.027461
2570	0.016827
2595	0.027048
2596	0.025010
2600	0.021183
2624	0.019885
2628	0.030013
2677	0.056755
2680	0.032339
2716	0.015006
2734	0.061720
2750	0.059612
2766	0.025620
2815	0.056755
2833	0.019774
2841	0.016827
2852	0.006288
2863	0.011210
3054	0.025948
3084	0.015130
3086	0.025948
3105	0.029446
3121	0.016821
3127	0.030731
3129	0.037763
3141	0.012152
3154	0.021140
3166	0.016667
3206	0.156353
3209	0.014099
3234	0.048384
3243	0.021858
3261	0.383459
3285	0.011557
3392	0.021858
3561	0.043024
3614	0.021682
3679	0.014593
3753	0.071843
3793	0.030731
3803	0.032339
3817	0.022224
3818	0.028890
3820	0.024192
3844	0.028890
3870	0.022762
3910	0.066638
3930	0.022612
3960	0.030731
4000	0.018018
4012	0.023242
4096	0.035921
4126	0.018276
4154	0.008056
4181	0.035921
4235	0.022625
4268	0.021512
4277	0.051240
4340	0.035574
4347	0.035921
4355	0.011628
4391	0.019885
4407	0.025948
4411	0.013257
4422	0.030731
4423	0.035956
4424	0.021512
4428	0.016747
4476	0.017075
4482	0.018588
4487	0.021893
4490	0.021183
4520	0.011877
4551	0.035921
4597	0.035921
4621	0.041742
4675	0.037763
4712	0.027099
4727	0.027048
4732	0.040859
4738	0.029146
4778	0.046933
4821	0.068986
4892	0.016137
4895	0.027903
4910	0.051999
4964	0.015006
4983	0.035921
5008	0.028628
5051	0.012036
5080	0.006997
5117	0.018076
5127	0.055447
5137	0.050727
5154	0.028890
5155	0.037763
5238	0.011143
5245	0.037763
5311	0.004793
5343	0.014826
5378	0.012639
5388	0.034493
5448	0.034493
5484	0.032266
5502	0.034843
5521	0.038060
5523	0.022815
5537	0.030731
5541	0.048766
5548	0.008015
5584	0.019095
5624	0.018696
5671	0.013120
5719	0.010157
5747	0.030731
5750	0.027388
5755	0.067505
5854	0.016992
5888	0.017421
5983	0.025308
6005	0.013304
6009	0.021682
6054	0.033326
6067	0.115124
6073	0.031160
6189	0.029446
6210	0.014946
6232	0.014152
6254	0.022224
6299	0.049451
6306	0.017421
6395	0.019755
6413	0.020573
6422	0.025948
6451	0.035921
6452	0.015192
6459	0.037763
6466	0.026796
6469	0.027903
6475	0.027903
6484	0.020871
6509	0.018276
6609	0.033326
6613	0.018378
6671	0.037763
6788	0.022612
6823	0.020871
6856	0.004979
6862	0.024701
6883	0.033326
6897	0.034843
6908	0.054923
6913	0.016574
6925	0.011044
6932	0.028519
6937	0.009583
6973	0.015783
6992	0.035921
6996	0.034493
7009	0.023941
7045	0.012472
7118	0.041796
7140	0.010301
7161	0.016827
7164	0.038171
7173	0.036152
7176	0.035921
7198	0.019382
7250	0.062970
7255	0.008438
7308	0.010947
7338	0.016137
7353	0.014785
7395	0.024192
7412	0.016359
7439	0.031485
7466	0.026294
7476	0.031485
7504	0.032339
7553	0.017882
7558	0.033326
7631	0.020721
7635	0.026294
7699	0.037763
7715	0.022354
7751	0.057779
7753	0.021346
7801	0.053646
7865	0.014709
7968	0.034493
8165	0.010570
8175	0.016511
8180	0.031485
8197	0.016667
8206	0.025719
8219	0.035921
8259	0.022023
8323	0.033326
8336	0.035764
8341	0.016909
8346	0.035921
8451	0.030057
8463	0.007049
8464	0.005069
8494	0.056755
8505	0.035921
8528	0.027578
8537	0.027706
8556	0.014711
8566	0.063062
8598	0.013590
8649	0.020289
8680	0.011737
8746	0.023699
8751	0.030731
8757	0.032339
8858	0.056733
8901	0.019145
8967	0.047398
8972	0.005239
8976	0.015514
9071	0.018588
9073	0.034493
9074	0.030057
9153	0.017787
9165	0.034493
9202	0.020031
9209	0.036350
9297	0.042691
9342	0.019145
9370	0.037763
9377	0.017770
9405	0.054923
9478	0.015130
9542	0.012351
9631	0.010479
9665	0.137295
9734	0.021346
9803	0.017246
9858	0.016511
9897	0.022815
9907	0.018696
9928	0.028377
10021	0.148284
10040	0.006430
10042	0.017602
10048	0.353794
10088	0.015922
10100	0.025793
10109	0.064679
10117	0.110003
10129	0.019700
10187	0.051897
10226	0.018917
10234	0.021025
10253	0.034493
10254	0.035921
10264	0.053320
10269	0.015922
10289	0.024192
10293	0.020151
10308	0.023941
10318	0.025620
10350	0.111612
10362	0.030731
10403	0.041558
10415	0.028377
10471	0.015677
10516	0.031485
10550	0.033326
10581	0.003926
10625	0.037763
10641	0.021682
10690	0.418029
10734	0.040052
10784	0.149567
10785	0.167924
10791	0.013839
10826	0.021512
10832	0.022625
10847	0.013639
10862	0.009505
10913	0.027903
10988	0.015852
11040	0.035921
11081	0.037763
11088	0.007467
11349	0.019755
11359	0.013994
11461	0.023466
11489	0.038290
11545	0.033430
11615	0.030057
11629	0.013889
11664	0.017882
11797	0.045223
11799	0.021346
11814	0.015715
11868	0.030013
11910	0.033326
11929	0.021346
11994	0.022458
12011	0.027461
12047	0.020721
12092	0.017421
12093	0.023845
12131	0.029301
12151	0.020871
12188	0.017075
12215	0.010737
12222	0.034493
12243	0.026294
12254	0.026796
12263	0.032144
12312	0.027048
12327	0.010638
12336	0.024725
12379	0.041742
12397	0.010390
12430	0.022612
12453	0.020151
12582	0.036457
12606	0.023184
12610	0.023699
12611	0.032339
12621	0.020871
12626	0.016760
12751	0.027903
12795	0.028377
12844	0.022815
12886	0.029446
12897	0.037763
12903	0.027461
12964	0.003808
12970	0.008119
12984	0.021346
13001	0.029446
13003	0.109845
13055	0.030731
13080	0.017688
13098	0.042051
13107	0.031986
13115	0.039495
13165	0.092941
13222	0.091887
13227	0.040859
13237	0.022038
13244	0.016968
13251	0.037763
13320	0.031618
13325	0.015383
13352	0.030731
13371	0.011664
13388	0.009877
13418	0.013890
13441	0.010850
13481	0.020430
13492	0.013029
13499	0.050387
13598	0.035754
13674	0.010372
13690	0.012113
13701	0.031986
