480
t_index	tf-idf
306	0.023048
350	0.014211
358	0.013190
384	0.014480
400	0.017579
489	0.044927
504	0.027991
548	0.041137
553	0.017579
634	0.050985
684	0.027107
782	0.008191
856	0.026115
868	0.011224
878	0.055275
940	0.032964
999	0.058192
1031	0.022464
1032	0.041137
1117	0.033969
1129	0.012308
1158	0.007294
1192	0.033969
1201	0.026115
1238	0.018131
1279	0.012308
1309	0.017405
1323	0.028925
1334	0.015359
1335	0.007367
1339	0.029405
1349	0.006719
1355	0.012926
1412	0.041137
1417	0.041137
1418	0.024157
1459	0.040273
1470	0.072522
1483	0.041137
1506	0.026449
1511	0.019282
1595	0.024925
1643	0.028442
1672	0.031324
1728	0.015359
1741	0.033969
1814	0.036615
1829	0.031324
1895	0.015746
1913	0.035159
1919	0.033969
1959	0.046096
1983	0.025510
1993	0.095595
1994	0.027991
2027	0.038337
2056	0.018325
2062	0.064185
2064	0.041137
2085	0.020540
2174	0.038492
2178	0.078059
2179	0.038492
2182	0.027570
2215	0.024925
2239	0.045305
2245	0.027175
2249	0.023255
2266	0.022448
2413	0.081992
2417	0.041137
2454	0.020268
2547	0.026115
2568	0.027991
2570	0.120066
2572	0.022280
2630	0.027570
2668	0.029750
2670	0.021274
2677	0.028925
2680	0.032964
2688	0.033969
2697	0.052898
2707	0.032964
2731	0.024659
2734	0.062912
2750	0.024305
2802	0.027991
2815	0.115700
2825	0.038492
2846	0.035159
2852	0.006409
2876	0.076983
2895	0.028925
2901	0.016675
3054	0.052898
3086	0.026449
3105	0.030015
3111	0.019634
3127	0.031324
3135	0.038492
3154	0.010774
3206	0.039843
3234	0.049317
3261	0.218422
3285	0.011780
3327	0.029292
3368	0.041137
3369	0.041137
3387	0.041137
3388	0.038492
3392	0.022280
3402	0.014004
3403	0.011359
3408	0.015173
3463	0.024659
3573	0.038492
3614	0.022101
3623	0.041137
3634	0.030015
3639	0.020540
3653	0.022464
3693	0.028925
3706	0.025203
3769	0.017748
3783	0.038492
3802	0.011496
3817	0.022653
3820	0.073976
3839	0.017668
3844	0.029447
3846	0.020681
3862	0.022101
3863	0.033969
3868	0.017405
3870	0.034803
3883	0.027991
3891	0.038492
3895	0.018947
3910	0.033962
3979	0.020540
4000	0.009183
4041	0.073229
4154	0.032848
4160	0.015234
4162	0.016158
4205	0.026115
4211	0.035698
4226	0.024659
4235	0.023061
4240	0.041137
4241	0.025796
4268	0.021927
4319	0.050405
4384	0.017405
4416	0.014535
4421	0.115475
4423	0.018325
4464	0.020268
4478	0.016088
4490	0.021592
4520	0.024212
4542	0.011708
4621	0.021274
4712	0.046036
4727	0.027570
4730	0.038563
4738	0.009903
4748	0.082274
4778	0.071758
4833	0.041137
4860	0.017320
4910	0.017668
5008	0.029180
5051	0.024537
5095	0.076983
5103	0.011027
5108	0.229435
5111	0.041137
5117	0.036850
5125	0.027410
5127	0.056518
5137	0.051706
5139	0.027991
5154	0.058894
5238	0.011359
5343	0.045337
5463	0.024925
5477	0.030637
5502	0.017758
5512	0.021274
5537	0.031324
5541	0.024854
5564	0.041137
5584	0.048659
5624	0.019057
5629	0.041137
5646	0.032093
5648	0.031898
5650	0.038492
5671	0.040118
5719	0.010353
5744	0.018035
5851	0.076983
5888	0.035515
5897	0.035159
5922	0.035159
5962	0.023919
5979	0.022847
5983	0.025796
6049	0.008601
6067	0.046938
6078	0.035159
6181	0.017491
6189	0.030015
6210	0.015234
6232	0.043275
6254	0.022653
6264	0.013561
6299	0.050405
6310	0.037522
6347	0.036615
6366	0.019397
6380	0.025493
6395	0.020137
6405	0.036615
6407	0.041137
6422	0.026449
6466	0.054626
6469	0.028442
6475	0.056883
6484	0.021274
6515	0.029447
6588	0.035159
6596	0.013853
6605	0.025493
6608	0.036615
6694	0.041137
6768	0.038492
6788	0.023048
6823	0.021274
6856	0.010150
6862	0.025178
6883	0.033969
6908	0.139957
6913	0.025341
6937	0.019536
7009	0.048806
7039	0.032964
7045	0.012713
7118	0.010651
7139	0.023469
7140	0.010500
7161	0.017152
7164	0.025938
7165	0.013803
7166	0.033969
7192	0.041137
7211	0.038492
7235	0.032093
7250	0.032093
7297	0.014590
7300	0.027175
7308	0.066947
7311	0.037223
7338	0.016448
7351	0.030637
7353	0.007535
7412	0.016675
7452	0.036615
7464	0.018131
7466	0.026802
7504	0.032964
7522	0.015680
7553	0.018227
7622	0.022653
7631	0.021121
7680	0.025493
7713	0.033969
7715	0.102534
7730	0.022280
7751	0.058894
7796	0.012926
7801	0.018227
7835	0.023690
7865	0.059970
7961	0.010743
7972	0.064629
7979	0.009610
8065	0.041137
8090	0.012467
8105	0.031324
8117	0.015611
8150	0.029405
8165	0.010774
8178	0.021927
8180	0.064185
8199	0.018839
8201	0.032964
8206	0.026215
8216	0.007516
8227	0.010040
8276	0.022101
8341	0.017235
8370	0.021927
8448	0.044625
8462	0.014004
8463	0.028741
8477	0.031324
8496	0.017235
8514	0.038492
8537	0.004034
8562	0.020137
8566	0.018366
8574	0.017491
8616	0.041137
8643	0.020007
8668	0.041137
8670	0.027570
8684	0.038492
8858	0.034697
8866	0.030637
8912	0.024659
8933	0.014875
8967	0.024157
8976	0.031626
8989	0.019397
8992	0.021121
9008	0.014993
9130	0.014159
9184	0.033969
9194	0.041137
9202	0.010209
9235	0.016018
9257	0.014934
9259	0.010012
9342	0.019515
9377	0.022641
9380	0.052352
9395	0.046511
9436	0.015680
9533	0.036615
9544	0.024157
9665	0.124396
9708	0.033046
9802	0.031324
9858	0.033660
9860	0.041137
9897	0.116277
9908	0.031324
9915	0.020681
9951	0.030015
9989	0.007845
9992	0.021758
10021	0.107962
10034	0.041941
10040	0.013108
10048	0.245224
10100	0.013145
10108	0.027175
10117	0.032036
10140	0.035159
10169	0.036615
10180	0.040537
10187	0.052898
10249	0.036615
10264	0.108699
10269	0.016230
10289	0.024659
10293	0.020540
10319	0.028925
10350	0.113766
10353	0.027570
10362	0.031324
10403	0.010590
10409	0.021431
10447	0.076983
10471	0.023969
10550	0.033969
10607	0.016230
10690	0.185260
10704	0.012467
10710	0.038492
10730	0.011427
10784	0.209624
10785	0.328068
10787	0.067939
10832	0.034592
10835	0.010995
10847	0.013903
10854	0.023469
10906	0.021758
10988	0.016158
11038	0.012840
11088	0.007611
11096	0.020137
11128	0.023048
11133	0.076983
11263	0.030015
11284	0.030637
11330	0.038492
11359	0.014264
11404	0.018733
11412	0.057845
11413	0.035158
11453	0.032964
11545	0.008519
11558	0.035159
11629	0.007079
11664	0.018227
11703	0.023469
11714	0.016675
11728	0.016158
11739	0.017758
11751	0.028925
11859	0.036441
11865	0.041137
11868	0.015296
11877	0.035159
11908	0.045659
11922	0.025796
11923	0.038492
11929	0.021758
12093	0.012153
12120	0.030015
12131	0.104535
12161	0.015949
12178	0.014590
12215	0.007296
12243	0.053604
12254	0.013656
12263	0.008191
12311	0.015813
12327	0.005421
12362	0.015549
12371	0.017935
12379	0.021274
12394	0.030717
12405	0.024403
12423	0.017491
12517	0.032964
12518	0.007945
12520	0.016909
12582	0.012387
12621	0.021274
12626	0.008542
12629	0.041137
12702	0.041137
12734	0.032093
12746	0.038492
12747	0.038492
12827	0.019057
12869	0.038492
12909	0.041137
12949	0.041137
12970	0.024826
12989	0.033969
13003	0.055983
13082	0.038492
13098	0.021431
13107	0.032604
13115	0.093935
13165	0.037894
13222	0.058538
13225	0.073699
13243	0.017941
13244	0.010643
13343	0.016850
13387	0.038492
13425	0.060805
13481	0.020824
13492	0.013281
13499	0.025680
13515	0.029447
13552	0.015234
13598	0.041650
13644	0.041137
13674	0.026431
13701	0.016302
13745	0.038492
