304
t_index	tf-idf
274	0.085109
438	0.048085
445	0.031371
489	0.041872
498	0.040515
518	0.047085
553	0.032767
659	0.054185
666	0.040556
677	0.023089
716	0.026103
782	0.045805
804	0.034692
850	0.029858
878	0.068688
951	0.025729
1009	0.043747
1026	0.027196
1063	0.033795
1096	0.017722
1216	0.099301
1254	0.077098
1328	0.031972
1339	0.027406
1340	0.042588
1425	0.068250
1436	0.041197
1692	0.050654
1821	0.061445
1841	0.022724
1895	0.176107
1901	0.030387
1962	0.040281
1983	0.047552
1993	0.025456
2036	0.031226
2056	0.102476
2077	0.022796
2085	0.038287
2179	0.071749
2181	0.031226
2182	0.102783
2194	0.024671
2211	0.021109
2352	0.035117
2383	0.021493
2387	0.036157
2413	0.016982
2428	0.053597
2432	0.044159
2524	0.084450
2588	0.058389
2607	0.043348
2630	0.051391
2655	0.027196
2660	0.081113
2668	0.083182
2677	0.053917
2716	0.028512
2739	0.018976
2741	0.045487
2750	0.045305
2756	0.049959
2833	0.012523
2852	0.011946
2863	0.021300
2874	0.034159
2915	0.051391
3026	0.027619
3059	0.061445
3117	0.035730
3121	0.021307
3141	0.023089
3158	0.034344
3178	0.022440
3206	0.024756
3210	0.023934
3261	0.085714
3278	0.059821
3286	0.048678
3287	0.084450
3359	0.029476
3392	0.083060
3496	0.032604
3571	0.042588
3635	0.085109
3658	0.037535
3801	0.021957
3802	0.021429
3910	0.094959
3912	0.085109
3913	0.063638
3966	0.028057
4000	0.017117
4087	0.039369
4118	0.085109
4154	0.030615
4160	0.028397
4185	0.041197
4190	0.040248
4299	0.052176
4355	0.022093
4452	0.050654
4478	0.029988
4520	0.033848
4621	0.079310
4654	0.019740
4860	0.032284
5008	0.027196
5013	0.153359
5052	0.027406
5080	0.013294
5081	0.049302
5108	0.190075
5117	0.240409
5127	0.070233
5129	0.027951
5137	0.032127
5194	0.050654
5310	0.044586
5311	0.022768
5343	0.028170
5378	0.024013
5459	0.065537
5488	0.076680
5502	0.033100
5528	0.053917
5541	0.046328
5584	0.036280
5624	0.035522
5637	0.057107
5648	0.029729
5719	0.019298
5750	0.017346
5755	0.112226
5845	0.065537
5855	0.076680
5869	0.076680
5888	0.033100
5983	0.048085
6132	0.061445
6210	0.028397
6232	0.026888
6368	0.039655
6466	0.050912
6484	0.039655
6544	0.028984
6570	0.085109
6605	0.047519
6621	0.033443
6688	0.051391
6788	0.042962
6856	0.009460
6862	0.023466
6895	0.076680
6911	0.022025
6913	0.031490
6914	0.042225
6923	0.020141
7009	0.045487
7027	0.027951
7074	0.023390
7096	0.029105
7118	0.019853
7126	0.085109
7163	0.034919
7165	0.025729
7308	0.083193
7311	0.017346
7337	0.020555
7338	0.030660
7520	0.076680
7537	0.053917
7553	0.033976
7622	0.042225
7651	0.026392
7797	0.037058
7801	0.033976
7916	0.025189
7972	0.024094
8017	0.076680
8042	0.026588
8070	0.054890
8108	0.061445
8117	0.014549
8150	0.027406
8206	0.048865
8259	0.020922
8291	0.101308
8359	0.033443
8411	0.053917
8412	0.085109
8462	0.052207
8463	0.026787
8537	0.015040
8569	0.102783
8575	0.043747
8577	0.021559
8604	0.057107
8607	0.027406
8649	0.038549
8856	0.018459
8858	0.043117
8884	0.025014
8889	0.053917
8976	0.117903
9128	0.018109
9202	0.057088
9209	0.034533
9259	0.037326
9331	0.065537
9377	0.033762
9380	0.019517
9381	0.026888
9544	0.045028
9586	0.021624
9665	0.144922
9704	0.059821
9717	0.057107
9861	0.051391
9936	0.043348
9989	0.029246
9992	0.040556
10034	0.078179
10048	0.161329
10056	0.032284
10071	0.031226
10100	0.024503
10117	0.029858
10120	0.053015
10180	0.037781
10208	0.068250
10293	0.038287
10362	0.058389
10403	0.019740
10464	0.036376
10471	0.009928
10690	0.103598
10734	0.025366
10736	0.025637
10784	0.035522
10785	0.132940
10954	0.059821
11011	0.042987
11088	0.014187
11116	0.024256
11178	0.085109
11389	0.049302
11433	0.046978
11453	0.061445
11545	0.023819
11629	0.026390
11727	0.085109
11809	0.029729
11844	0.085109
11864	0.038287
11994	0.028446
12005	0.047395
12011	0.052176
12054	0.040248
12083	0.076680
12131	0.027836
12135	0.085109
12161	0.029729
12215	0.020400
12254	0.025456
12255	0.028397
12258	0.068250
12300	0.255327
12327	0.020211
12371	0.016715
12516	0.052176
12518	0.014809
12626	0.023883
12698	0.063319
12844	0.043348
12891	0.063319
12901	0.085109
13080	0.016803
13107	0.060773
13115	0.050027
13167	0.071749
13222	0.130938
13225	0.034344
13243	0.033443
13244	0.014879
13259	0.058455
13268	0.033976
13320	0.040050
13371	0.022162
13412	0.023466
13441	0.020615
13454	0.068607
13460	0.076680
13467	0.085109
13481	0.038816
13492	0.024756
13499	0.071801
13507	0.031082
13571	0.030119
13598	0.019409
13674	0.039414
13690	0.046031
13703	0.071749
