420
t_index	tf-idf
38	0.024486
79	0.015292
105	0.033574
122	0.021478
138	0.017046
155	0.035519
174	0.023654
217	0.012600
237	0.014643
273	0.020380
408	0.006285
437	0.016235
438	0.008824
458	0.040720
503	0.009496
525	0.010789
589	0.013013
599	0.042722
664	0.027731
720	0.022488
730	0.013013
746	0.033830
754	0.047692
764	0.042450
809	0.031073
881	0.016912
940	0.041175
941	0.047692
973	0.028897
977	0.023976
1057	0.017806
1058	0.008541
1062	0.034091
1063	0.026488
1072	0.007789
1182	0.023345
1193	0.021020
1196	0.084899
1234	0.022354
1494	0.016355
1506	0.022094
1512	0.037632
1545	0.038217
1620	0.328599
1652	0.021966
1685	0.026721
1688	0.025054
1702	0.011608
1709	0.044363
1720	0.047498
1734	0.042450
1736	0.044626
1762	0.019421
1782	0.042491
1792	0.013573
1810	0.071441
1902	0.045249
1905	0.019421
1921	0.026961
1973	0.026961
2040	0.031505
2046	0.036316
2083	0.039383
2139	0.095058
2154	0.055559
2159	0.026721
2170	0.032452
2238	0.024486
2269	0.032974
2290	0.019604
2299	0.039771
2301	0.025830
2357	0.017734
2359	0.031964
2373	0.023196
2395	0.027466
2397	0.017245
2398	0.025225
2406	0.033534
2429	0.016060
2436	0.038217
2463	0.024312
2511	0.035519
2560	0.014496
2566	0.059657
2580	0.007430
2629	0.019332
2693	0.035612
2745	0.044626
2751	0.044626
2802	0.076433
2860	0.022223
2863	0.029907
2864	0.019878
2882	0.014361
2922	0.018179
2937	0.024664
2947	0.030795
2975	0.028588
2984	0.025830
3002	0.066639
3019	0.037207
3131	0.025830
3175	0.035519
3184	0.018027
3200	0.028588
3298	0.025421
3308	0.052977
3423	0.033534
3458	0.024847
3534	0.029555
3549	0.028588
3551	0.016295
3567	0.040966
3590	0.025623
3608	0.035612
3641	0.049218
3644	0.059371
3676	0.022625
3692	0.034902
3762	0.063556
3852	0.021597
3881	0.009521
3961	0.114353
3968	0.013368
3977	0.016851
3980	0.026043
4021	0.021841
4026	0.032452
4053	0.017046
4057	0.024142
4082	0.013741
4111	0.040357
4118	0.023498
4119	0.032974
4138	0.031333
4143	0.016851
4150	0.021246
4179	0.031505
4205	0.018652
4217	0.025033
4232	0.016476
4247	0.021052
4284	0.032452
4286	0.032974
4348	0.147986
4381	0.012278
4439	0.024664
4441	0.021349
4466	0.022962
4599	0.046098
4653	0.044626
4675	0.044626
4693	0.017734
4737	0.033830
4755	0.010234
4809	0.016537
4832	0.012785
4838	0.029555
4845	0.044626
4847	0.363138
4849	0.042450
4851	0.037207
4867	0.059946
4924	0.031505
4984	0.029907
5042	0.011169
5073	0.035041
5191	0.040762
5228	0.022763
5272	0.014407
5315	0.041369
5345	0.024847
5358	0.022094
5380	0.037207
5382	0.018491
5404	0.015504
5419	0.018800
5479	0.020909
5491	0.029915
5608	0.034140
5621	0.025623
5634	0.044626
5740	0.031443
5787	0.009972
5792	0.039383
5804	0.027209
5914	0.020587
5926	0.031505
5968	0.016724
6004	0.044626
6102	0.024664
6111	0.044626
6129	0.023345
6167	0.034140
6186	0.017953
6200	0.031666
6218	0.024664
6322	0.044626
6329	0.016060
6338	0.029555
6378	0.007052
6383	0.034091
6423	0.040762
6504	0.026488
6515	0.023976
6585	0.044626
6630	0.020587
6644	0.027398
6647	0.026263
6656	0.012527
6670	0.011325
6706	0.037303
6713	0.034091
6742	0.056583
6760	0.026077
6851	0.012348
6900	0.015036
6991	0.009972
7044	0.012936
7132	0.028588
7135	0.033534
7202	0.062146
7225	0.010646
7273	0.033534
7289	0.021132
7294	0.039383
7309	0.012243
7366	0.038217
7453	0.013208
7541	0.039383
7640	0.025421
7799	0.027792
7807	0.238979
7826	0.014454
7839	0.027731
7844	0.076433
7853	0.054295
7890	0.042450
7902	0.012491
7936	0.043683
7939	0.030795
7943	0.007598
7954	0.008714
7965	0.011640
7997	0.039038
8029	0.031505
8098	0.042450
8133	0.044626
8280	0.014032
8299	0.008692
8355	0.042450
8385	0.023196
8393	0.095905
8468	0.027466
8582	0.021966
8599	0.040226
8630	0.033534
8718	0.146665
8750	0.017382
8813	0.021966
8872	0.016415
8895	0.063059
8904	0.030664
8927	0.013532
8951	0.107392
8976	0.023654
8977	0.018571
9035	0.046691
9123	0.035519
9128	0.041998
9131	0.024278
9132	0.050171
9137	0.026043
9155	0.032974
9227	0.028292
9261	0.029555
9360	0.062146
9384	0.012384
9418	0.042450
9439	0.162247
9458	0.020587
9476	0.056583
9482	0.019156
9490	0.035519
9538	0.043195
9566	0.026961
9580	0.014224
9649	0.095892
9678	0.028006
9690	0.036316
9697	0.023976
9714	0.038217
9718	0.026961
9743	0.021841
9776	0.022763
9791	0.031505
9802	0.025033
9815	0.024312
9829	0.150513
9960	0.023498
10031	0.031505
10060	0.023814
10115	0.065948
10166	0.036833
10234	0.040139
10328	0.040762
10344	0.018255
10355	0.063395
10370	0.033534
10455	0.064435
10483	0.014691
10492	0.009448
10549	0.066281
10551	0.082684
10554	0.020800
10559	0.022905
10567	0.022488
10600	0.012747
10627	0.011233
10752	0.031073
10754	0.018733
10775	0.026736
10780	0.042450
10848	0.047952
10852	0.008824
10880	0.015086
10919	0.038217
10950	0.035519
11040	0.026488
11064	0.032452
11084	0.017245
11154	0.030664
11200	0.069596
11201	0.044626
11254	0.022625
11261	0.037207
11274	0.028897
11287	0.016476
11291	0.047692
11311	0.049382
11325	0.016661
11386	0.042450
11512	0.022905
11514	0.025421
11564	0.026721
11567	0.025225
11585	0.025830
11627	0.031686
11664	0.072632
11736	0.019604
11763	0.008846
11774	0.014739
11823	0.025033
11825	0.044626
11833	0.016787
11863	0.041175
11864	0.014089
11887	0.034798
11891	0.074413
11892	0.034798
11932	0.036981
11980	0.008459
11993	0.016476
12020	0.017662
12021	0.014739
12028	0.009496
12058	0.061328
12072	0.035519
12092	0.006285
12105	0.022625
12137	0.020793
12164	0.024556
12284	0.018422
12347	0.028722
12376	0.056012
12392	0.014854
12412	0.042450
12456	0.042450
12474	0.032974
12600	0.021361
12606	0.025421
12765	0.037207
12819	0.042450
12846	0.028897
12875	0.056699
12883	0.031115
12933	0.021966
12990	0.312184
12994	0.170888
13010	0.020693
13011	0.027764
13026	0.018179
13051	0.010261
13080	0.036316
13088	0.012455
13121	0.032452
13138	0.027568
13140	0.008085
13155	0.024626
13179	0.014595
13185	0.016980
13207	0.018652
13219	0.028448
13233	0.032353
13244	0.024142
13246	0.049427
13255	0.030795
13262	0.044658
13270	0.038664
13279	0.044626
13296	0.015504
13315	0.017662
13317	0.024847
13334	0.018733
13346	0.011356
13351	0.023049
13362	0.041083
13434	0.024514
13461	0.018900
