420
t_index	tf-idf
38	0.024175
79	0.015098
105	0.033147
122	0.021205
138	0.016829
155	0.035067
174	0.023353
217	0.012439
237	0.014457
273	0.020121
408	0.006206
437	0.016029
438	0.008712
458	0.040202
503	0.009376
525	0.010651
589	0.012847
599	0.042179
664	0.027379
720	0.022202
730	0.012847
746	0.033400
754	0.047086
764	0.041910
809	0.030678
881	0.016697
940	0.040651
941	0.047086
973	0.028530
977	0.023671
1057	0.017580
1058	0.008433
1062	0.033658
1063	0.026152
1072	0.007690
1182	0.023049
1193	0.020752
1196	0.083820
1234	0.022070
1494	0.016147
1506	0.021813
1512	0.037154
1545	0.037731
1620	0.324421
1652	0.021687
1685	0.026381
1688	0.032980
1702	0.011460
1709	0.043799
1720	0.046894
1734	0.041910
1736	0.044058
1762	0.019175
1782	0.041951
1792	0.013401
1810	0.070532
1902	0.044674
1905	0.019175
1921	0.026618
1973	0.026618
2040	0.031105
2046	0.035854
2083	0.038882
2139	0.093849
2154	0.065823
2159	0.026381
2170	0.032039
2238	0.024175
2269	0.032555
2290	0.019354
2299	0.039266
2301	0.025502
2357	0.017508
2359	0.031557
2373	0.022901
2395	0.027116
2397	0.017026
2398	0.024904
2406	0.033108
2429	0.015856
2436	0.037731
2463	0.024003
2511	0.035067
2560	0.014312
2566	0.058898
2580	0.007336
2629	0.019086
2693	0.035159
2745	0.044058
2751	0.044058
2802	0.075462
2860	0.021940
2863	0.029527
2864	0.019625
2882	0.014178
2922	0.017948
2937	0.024351
2947	0.030403
2975	0.028225
2984	0.025502
3002	0.065792
3019	0.036734
3131	0.025502
3175	0.035067
3184	0.017798
3200	0.028225
3298	0.025098
3308	0.052303
3423	0.033108
3458	0.024531
3534	0.029179
3549	0.028225
3551	0.016088
3567	0.040445
3590	0.025297
3608	0.035159
3641	0.048592
3644	0.058617
3676	0.022337
3692	0.034458
3762	0.062748
3852	0.021323
3881	0.009400
3961	0.112899
3968	0.013198
3977	0.016637
3980	0.025712
4021	0.021564
4026	0.032039
4053	0.016829
4057	0.023835
4082	0.013567
4111	0.039844
4118	0.023200
4119	0.032555
4138	0.030935
4143	0.016637
4150	0.020975
4179	0.093314
4205	0.018414
4217	0.024715
4232	0.016266
4247	0.020785
4284	0.032039
4286	0.032555
4348	0.170455
4381	0.012122
4439	0.024351
4441	0.021077
4466	0.022670
4599	0.045512
4653	0.044058
4675	0.044058
4693	0.017508
4737	0.033400
4755	0.010104
4809	0.016326
4832	0.012622
4838	0.029179
4845	0.044058
4847	0.358520
4849	0.041910
4851	0.036734
4867	0.059184
4924	0.031105
4984	0.029527
5042	0.011027
5073	0.034596
5191	0.040243
5228	0.022474
5272	0.014224
5315	0.040843
5345	0.024531
5358	0.021813
5380	0.036734
5382	0.018256
5404	0.015307
5419	0.018561
5479	0.020643
5491	0.029534
5608	0.033706
5621	0.025297
5634	0.044058
5740	0.031043
5787	0.009845
5792	0.038882
5804	0.026863
5914	0.020326
5926	0.031105
5968	0.016511
6004	0.044058
6102	0.024351
6111	0.044058
6129	0.023049
6167	0.033706
6186	0.017725
6200	0.031263
6218	0.024351
6322	0.044058
6329	0.015856
6338	0.029179
6378	0.006963
6383	0.033658
6423	0.040243
6504	0.026152
6515	0.023671
6585	0.044058
6630	0.020326
6644	0.027050
6647	0.025929
6656	0.012368
6670	0.011181
6706	0.018414
6713	0.033658
6742	0.055864
6760	0.034327
6851	0.012191
6900	0.014845
6991	0.009845
7044	0.012771
7132	0.028225
7135	0.033108
7202	0.061356
7225	0.010511
7273	0.033108
7289	0.020863
7294	0.038882
7309	0.012087
7358	0.025929
7366	0.037731
7453	0.013040
7541	0.038882
7640	0.025098
7799	0.027438
7807	0.235941
7826	0.014270
7839	0.027379
7844	0.075462
7853	0.053605
7890	0.041910
7902	0.012332
7936	0.043127
7939	0.030403
7943	0.015003
7954	0.008603
7965	0.011492
7997	0.038542
8029	0.031105
8098	0.041910
8133	0.044058
8280	0.013854
8346	0.035067
8355	0.041910
8385	0.022901
8393	0.094685
8468	0.027116
8582	0.021687
8599	0.039715
8630	0.033108
8718	0.144800
8750	0.017161
8813	0.021687
8872	0.016206
8895	0.062257
8904	0.030274
8927	0.013360
8951	0.106026
8976	0.023353
8977	0.018335
9035	0.046097
9123	0.035067
9128	0.041464
9131	0.035954
9132	0.049533
9137	0.025712
9155	0.032555
9227	0.027932
9261	0.029179
9360	0.061356
9384	0.012226
9418	0.041910
9439	0.177982
9458	0.020326
9476	0.055864
9482	0.018912
9490	0.035067
9538	0.042646
9566	0.026618
9580	0.014043
9649	0.094672
9678	0.027650
9690	0.035854
9697	0.023671
9714	0.037731
9718	0.026618
9743	0.021564
9776	0.022474
9791	0.031105
9802	0.024715
9815	0.024003
9829	0.148599
9960	0.023200
10031	0.031105
10060	0.023511
10115	0.065109
10166	0.036365
10234	0.039628
10328	0.040243
10344	0.018023
10355	0.062589
10370	0.033108
10455	0.063616
10483	0.014504
10492	0.009328
10549	0.065438
10551	0.081633
10554	0.020536
10559	0.022614
10567	0.022202
10600	0.012585
10627	0.011090
10752	0.030678
10754	0.018495
10775	0.026396
10780	0.041910
10848	0.047343
10852	0.008712
10880	0.014895
10919	0.037731
10950	0.035067
11040	0.026152
11064	0.032039
11084	0.017026
11154	0.030274
11200	0.068711
11201	0.044058
11254	0.022337
11261	0.036734
11274	0.028530
11287	0.016266
11291	0.047086
11311	0.048754
11325	0.016449
11386	0.041910
11512	0.022614
11514	0.025098
11564	0.026381
11567	0.024904
11585	0.025502
11627	0.031283
11664	0.071708
11736	0.019354
11763	0.008734
11774	0.014552
11823	0.024715
11825	0.044058
11833	0.016573
11863	0.040651
11864	0.013910
11887	0.034356
11891	0.073467
11892	0.034356
11932	0.036511
11980	0.008351
11993	0.016266
12020	0.017437
12028	0.009376
12058	0.060548
12072	0.035067
12092	0.006206
12105	0.022337
12137	0.020528
12164	0.024243
12284	0.018188
12347	0.028357
12376	0.055300
12392	0.014666
12412	0.041910
12456	0.041910
12474	0.032555
12600	0.021089
12606	0.025098
12765	0.036734
12819	0.041910
12846	0.028530
12875	0.055978
12883	0.030720
12933	0.021687
12990	0.308215
12994	0.168715
13010	0.020430
13011	0.027411
13026	0.017948
13051	0.010131
13080	0.035854
13088	0.012297
13121	0.032039
13138	0.027217
13140	0.007982
13155	0.024313
13179	0.014410
13185	0.016764
13207	0.018414
13219	0.028086
13233	0.031942
13244	0.023835
13246	0.048798
13255	0.030403
13262	0.044090
13270	0.038172
13279	0.044058
13296	0.015307
13315	0.017437
13317	0.024531
13334	0.018495
13346	0.011211
13351	0.022756
13362	0.040561
13434	0.024202
13461	0.018659
