231
t_index	tf-idf
394	0.051029
400	0.030976
438	0.045456
445	0.029657
482	0.033580
631	0.031291
667	0.025612
677	0.021827
684	0.038213
739	0.041356
782	0.028867
798	0.043655
804	0.016398
865	0.019955
868	0.019778
869	0.080457
878	0.064934
999	0.341802
1010	0.039556
1031	0.079167
1133	0.064519
1198	0.185862
1216	0.062582
1334	0.054127
1349	0.011839
1377	0.015195
1387	0.064519
1509	0.053986
1629	0.143656
1647	0.056551
1962	0.012693
1983	0.089905
1993	0.024064
2056	0.387496
2085	0.036194
2113	0.046607
2181	0.206632
2315	0.047885
2335	0.056551
2357	0.024587
2365	0.080457
2387	0.034180
2428	0.016889
2540	0.050117
2554	0.043452
2587	0.040979
2590	0.061954
2628	0.026954
2700	0.024410
2716	0.026954
2731	0.043452
2734	0.036953
2750	0.021414
2761	0.042567
2814	0.030371
2841	0.030224
2852	0.011293
2863	0.040271
2901	0.029383
3121	0.020142
3141	0.087309
3154	0.056955
3261	0.101286
3267	0.028984
3299	0.080457
3327	0.025808
3487	0.116172
3910	0.059846
3979	0.036194
4084	0.028984
4122	0.097165
4153	0.072488
4154	0.043412
4160	0.026845
4225	0.046017
4262	0.061952
4269	0.079833
4411	0.023812
4482	0.066774
4734	0.017741
4784	0.063896
5052	0.025908
5127	0.033197
5137	0.091112
5139	0.049324
5311	0.004305
5385	0.038945
5426	0.144976
5508	0.029657
5523	0.040979
5584	0.045729
5719	0.072972
5747	0.055197
5750	0.016398
5888	0.031291
6067	0.041356
6256	0.015719
6310	0.022040
6395	0.106449
6466	0.024064
6509	0.032826
6613	0.033010
6645	0.010719
6686	0.017119
6782	0.036442
6856	0.008943
6862	0.066550
6866	0.019955
6943	0.064583
7027	0.013211
7162	0.058086
7173	0.064934
7337	0.058294
7395	0.043452
7474	0.030669
7524	0.044921
7553	0.032118
7671	0.021213
7758	0.028473
7801	0.096355
7972	0.022777
7979	0.016935
8090	0.043937
8162	0.119716
8206	0.011549
8259	0.019778
8448	0.026212
8463	0.025323
8499	0.055197
8537	0.007109
8556	0.013211
8566	0.032362
8574	0.030822
8583	0.064519
8598	0.073230
8649	0.109325
8745	0.048582
8746	0.042567
8860	0.033387
8972	0.037638
8976	0.055729
9008	0.026419
9129	0.080457
9172	0.033977
9202	0.035978
9209	0.163225
9235	0.056452
9257	0.026315
9424	0.033777
9454	0.040260
9506	0.033197
9542	0.022183
9544	0.042567
9631	0.018822
9665	0.109600
9708	0.029115
9716	0.024858
9928	0.050969
9939	0.050969
9962	0.033197
9989	0.013824
10004	0.030224
10034	0.036953
10037	0.046017
10048	0.152511
10068	0.027630
10081	0.034180
10088	0.028599
10100	0.023164
10147	0.047228
10187	0.046607
10204	0.019546
10250	0.072488
10299	0.035952
10397	0.019778
10399	0.113102
10403	0.093305
10471	0.042236
10581	0.014102
10633	0.049324
10690	0.097935
10732	0.028473
10751	0.047228
10784	0.067160
10785	0.125673
10828	0.038339
11011	0.040637
11078	0.036194
11320	0.026212
11325	0.026008
11332	0.028226
11388	0.050837
11440	0.020504
11489	0.068775
11545	0.022517
11550	0.027064
11629	0.062368
11684	0.055197
11879	0.035032
11953	0.040979
11994	0.013446
12215	0.012856
12223	0.043238
12225	0.018090
12254	0.024064
12262	0.036442
12263	0.014434
12392	0.039917
12582	0.065482
12625	0.045456
12795	0.050969
12831	0.012319
12833	0.032467
12844	0.040979
12922	0.083491
13115	0.023646
13222	0.082520
13225	0.064934
13244	0.035165
13284	0.015596
13343	0.029693
13371	0.083801
13441	0.019489
13481	0.110083
13483	0.025041
13497	0.040979
13499	0.045251
13520	0.038638
13532	0.027287
13598	0.073392
13642	0.135653
