279
t_index	tf-idf
127	0.085083
355	0.042575
387	0.059697
394	0.053963
401	0.034522
498	0.020251
553	0.065514
576	0.038275
684	0.010103
717	0.056732
800	0.049944
859	0.136458
967	0.042587
974	0.021951
1006	0.095008
1008	0.051376
1010	0.020915
1031	0.041859
1319	0.050639
1335	0.013728
1355	0.048173
1377	0.016069
1394	0.050639
1431	0.026982
1661	0.068229
1808	0.095008
1841	0.022717
1844	0.045014
1895	0.058684
1901	0.121509
1962	0.013423
1993	0.025448
2016	0.023459
2036	0.031216
2077	0.022789
2245	0.050639
2261	0.045950
2275	0.130005
2277	0.057090
2345	0.019678
2347	0.032922
2372	0.041517
2413	0.220692
2444	0.052160
2549	0.017294
2563	0.057090
2569	0.061026
2651	0.035307
2659	0.076656
2673	0.076656
2771	0.032274
2837	0.078714
2841	0.031962
2852	0.047771
2943	0.036588
2966	0.114179
3024	0.058371
3048	0.065516
3111	0.036588
3181	0.029219
3260	0.033090
3447	0.028976
3537	0.042575
3572	0.045473
3605	0.029979
3636	0.020251
3658	0.037523
3695	0.042575
3776	0.045014
3817	0.084424
3838	0.062723
3839	0.131690
3870	0.021617
3910	0.079108
3986	0.126600
4000	0.017112
4160	0.028388
4225	0.048663
4232	0.099887
4241	0.048070
4262	0.032757
4283	0.076656
4312	0.038804
4360	0.051376
4383	0.042949
4491	0.034714
4520	0.022558
4621	0.039643
4642	0.038804
4662	0.039357
4713	0.058371
4729	0.052160
4892	0.030651
4956	0.030651
4987	0.076656
5008	0.054375
5026	0.016450
5067	0.197146
5093	0.052160
5117	0.068667
5127	0.035106
5129	0.013971
5242	0.119605
5311	0.009104
5397	0.040544
5584	0.036269
5595	0.025269
5624	0.035511
5633	0.063300
5660	0.045950
5686	0.015109
5719	0.038584
5744	0.067215
5755	0.016027
5764	0.026481
5947	0.038275
5981	0.063300
6005	0.025269
6092	0.058371
6145	0.085083
6194	0.063300
6210	0.028388
6220	0.050639
6314	0.065516
6381	0.034522
6382	0.041517
6423	0.085083
6435	0.061426
6473	0.102751
6648	0.048663
6686	0.036207
6712	0.111862
6713	0.059802
6856	0.009457
6887	0.027084
6913	0.110182
6914	0.042212
6920	0.035511
6925	0.041955
6987	0.029849
7024	0.076656
7140	0.039133
7255	0.016027
7256	0.039643
7311	0.034681
7316	0.068229
7353	0.028082
7382	0.076656
7413	0.042575
7526	0.032757
7546	0.067723
7741	0.046446
7745	0.022574
7756	0.076656
7757	0.076656
7796	0.024086
7906	0.065516
7913	0.065516
7979	0.035817
8117	0.029090
8206	0.024425
8227	0.037418
8341	0.032117
8344	0.035511
8359	0.033433
8486	0.071727
8537	0.030072
8556	0.013971
8566	0.068447
8586	0.143453
8649	0.038537
8762	0.052160
8771	0.046964
8810	0.051376
8972	0.029852
8976	0.058934
9118	0.055931
9122	0.019734
9185	0.021750
9257	0.027828
9342	0.072729
9356	0.076656
9365	0.026095
9377	0.118130
9381	0.026880
9407	0.027188
9424	0.035719
9439	0.043335
9440	0.046446
9501	0.061426
9582	0.041517
9586	0.021617
9588	0.033260
9631	0.019904
9766	0.034714
9928	0.053900
9956	0.049944
9968	0.039936
9989	0.014619
9992	0.040544
10077	0.046446
10088	0.060486
10209	0.061426
10293	0.038275
10355	0.029342
10397	0.020915
10422	0.026095
10423	0.023768
10464	0.036365
10471	0.064515
10472	0.047504
10579	0.029342
10672	0.059186
10704	0.023231
10718	0.023613
10727	0.015186
10730	0.021293
10785	0.053159
10829	0.043335
10841	0.018865
11039	0.111862
11088	0.014183
11213	0.020193
11225	0.041517
11278	0.042212
11359	0.159478
11414	0.153312
11438	0.032433
11440	0.021683
11538	0.023383
11545	0.063497
11702	0.042575
11728	0.030110
11799	0.040544
11823	0.063300
11829	0.085898
11859	0.033953
11882	0.042212
12005	0.094761
12215	0.033989
12223	0.022862
12225	0.019130
12301	0.039133
12327	0.010103
12454	0.132361
12539	0.094085
12607	0.076656
12626	0.007959
12757	0.036365
12818	0.109746
12831	0.078165
12892	0.076656
12964	0.007233
12968	0.053900
12970	0.015420
13080	0.033596
13107	0.030377
13123	0.254552
13125	0.038804
13175	0.071305
13194	0.031962
13222	0.021816
13243	0.066865
13244	0.014875
13273	0.033090
13284	0.016493
13343	0.031400
13371	0.044310
13373	0.012995
13454	0.022862
13469	0.026001
13483	0.026481
13532	0.028856
13583	0.109513
13587	0.037046
13598	0.038806
13674	0.049252
13706	0.065516
13746	0.061426
