204
t_index	tf-idf
297	0.053784
361	0.035267
403	0.030366
466	0.051513
482	0.047468
524	0.030270
679	0.095877
717	0.094793
782	0.020403
803	0.046402
804	0.046359
868	0.055915
898	0.133377
1026	0.036342
1060	0.020718
1096	0.023681
1129	0.030657
1252	0.113731
1325	0.062777
1377	0.021479
1480	0.082313
1530	0.187465
1542	0.106765
1559	0.113731
1560	0.057926
1619	0.071044
1623	0.048028
1639	0.191755
1774	0.055051
1776	0.193264
1789	0.050486
1841	0.030366
1901	0.040606
1976	0.024940
2016	0.031357
2028	0.078777
2154	0.041727
2266	0.055915
2353	0.049520
2383	0.028722
2428	0.071621
2511	0.043182
2549	0.023118
2564	0.109235
2584	0.043353
2604	0.053383
2640	0.033659
2655	0.036342
2657	0.051513
2719	0.058459
2720	0.076312
2766	0.065048
2852	0.015964
2859	0.107568
3026	0.036907
3121	0.014236
3142	0.049211
3183	0.050821
3361	0.069723
3371	0.073349
3403	0.056585
3561	0.109235
3715	0.046926
3805	0.079938
3880	0.038256
3959	0.145926
4222	0.053383
4251	0.105217
4254	0.103734
4335	0.113731
4542	0.029162
4654	0.026379
4678	0.017853
4755	0.082108
4826	0.052757
4835	0.043141
5051	0.061119
5077	0.113731
5080	0.017764
5267	0.070844
5283	0.040073
5343	0.037643
5402	0.065711
5494	0.048907
5584	0.032321
5592	0.049211
5676	0.033897
5678	0.063499
5734	0.040971
5750	0.023179
5755	0.021424
5888	0.088464
5913	0.091202
6080	0.042724
6125	0.030954
6137	0.080146
6139	0.125430
6140	0.046402
6256	0.022220
6264	0.033778
6295	0.045401
6530	0.053383
6610	0.054195
6632	0.079938
6645	0.075761
6653	0.067689
6786	0.082313
6941	0.055051
7080	0.026454
7297	0.036342
7337	0.109870
7353	0.018769
7649	0.073349
7700	0.022103
7716	0.069723
7885	0.023303
8041	0.047746
8090	0.062107
8147	0.029432
8150	0.036622
8311	0.052235
8370	0.054617
8443	0.045401
8448	0.037052
8464	0.025739
8537	0.010049
8598	0.034505
8623	0.041727
8680	0.029799
8785	0.079938
8972	0.026602
9005	0.045646
9010	0.047195
9044	0.102467
9122	0.026379
9172	0.048028
9196	0.053365
9259	0.024940
9303	0.019840
9325	0.065048
9381	0.035931
9395	0.057926
9424	0.047746
9523	0.039222
9702	0.060784
9920	0.035662
9926	0.036907
9972	0.031983
10004	0.042724
10187	0.065881
10215	0.102467
10243	0.246325
10269	0.040426
10398	0.054195
10471	0.066337
10474	0.024265
10569	0.326298
10579	0.117665
10581	0.009967
10727	0.020299
10862	0.048267
10959	0.028208
11038	0.031983
11185	0.060171
11358	0.040073
11438	0.043353
11440	0.028984
11550	0.114768
11664	0.045401
11698	0.059413
11816	0.034755
11852	0.084613
11894	0.066390
12004	0.069723
12034	0.055051
12252	0.095877
12275	0.084613
12291	0.062085
12327	0.013504
12371	0.022336
12397	0.026379
12443	0.064255
12502	0.054195
12560	0.046146
12626	0.042553
12964	0.048341
12977	0.024871
13054	0.206050
13080	0.022454
13113	0.038256
13244	0.019883
13419	0.036482
13469	0.034755
13483	0.070795
13497	0.057926
13503	0.052609
13524	0.043568
13532	0.038572
13551	0.046926
13573	0.020144
13576	0.033310
13598	0.012968
13674	0.026334
13681	0.024666
