228
t_index	tf-idf
79	0.022048
195	0.030798
217	0.036332
401	0.024295
437	0.023408
458	0.019570
525	0.015555
526	0.034104
611	0.030467
671	0.046145
687	0.038201
700	0.052359
706	0.061203
789	0.049222
931	0.041218
951	0.041663
1072	0.011230
1219	0.052359
1288	0.053644
1320	0.019216
1341	0.063567
1373	0.033024
1393	0.045424
1418	0.112646
1482	0.031139
1523	0.030631
1612	0.034808
1639	0.035053
1688	0.012041
1709	0.042641
1878	0.028001
1995	0.090440
2000	0.038872
2109	0.057822
2139	0.091368
2251	0.038526
2307	0.032040
2397	0.024864
2584	0.093577
2587	0.036092
2740	0.061203
2882	0.020705
2895	0.018009
2999	0.076321
3078	0.027371
3088	0.068762
3101	0.046789
3141	0.018986
3484	0.076321
3497	0.029666
3598	0.038782
3608	0.051345
3726	0.015349
3810	0.027494
3839	0.029384
3852	0.062277
3886	0.027872
3892	0.054019
3956	0.128680
3987	0.034806
3997	0.036652
3998	0.037865
4008	0.056781
4021	0.031490
4035	0.019812
4082	0.019812
4092	0.052359
4111	0.058186
4192	0.046085
4203	0.029093
4247	0.010118
4269	0.039139
4462	0.050487
4466	0.016553
4494	0.052359
4934	0.050171
4968	0.037972
5042	0.012077
5099	0.049222
5108	0.064602
5279	0.027313
5315	0.037956
5352	0.050171
5358	0.031854
5394	0.068762
5469	0.027494
5538	0.076321
5560	0.076321
5567	0.076321
5740	0.022667
5787	0.043130
5850	0.068762
5875	0.042086
5886	0.039230
5955	0.017601
6257	0.031671
6378	0.020336
6445	0.050171
6476	0.076321
6521	0.038526
6550	0.198141
6553	0.076321
6577	0.024767
6645	0.076321
6665	0.024295
6670	0.065312
6673	0.061203
6766	0.049222
6796	0.026432
6813	0.017752
6851	0.017803
6900	0.021678
7032	0.064340
7300	0.018817
7341	0.028533
7342	0.038526
7453	0.114259
7471	0.276546
7473	0.076321
7534	0.021606
7622	0.015638
7662	0.061203
7675	0.030967
7853	0.026094
7896	0.039230
7915	0.036652
7934	0.028398
8082	0.115238
8099	0.029990
8188	0.030467
8280	0.006744
8344	0.220400
8395	0.061203
8403	0.053644
8625	0.022431
8674	0.024864
8678	0.152641
8714	0.008926
8821	0.034334
8899	0.041218
8976	0.034104
9002	0.016736
9128	0.022707
9212	0.076380
9266	0.027619
9277	0.026320
9279	0.039230
9339	0.019391
9362	0.137523
9482	0.027619
9580	0.020508
9645	0.055100
9770	0.013113
9785	0.057341
9821	0.010955
9862	0.032423
9866	0.033659
9881	0.021973
9983	0.018541
10060	0.034334
10191	0.068762
10234	0.017806
10333	0.019100
10344	0.026320
10346	0.006688
10370	0.048349
10418	0.052359
10469	0.020839
10594	0.038872
10627	0.016195
10652	0.039982
10754	0.027009
10771	0.046085
10775	0.019274
10787	0.076321
10818	0.022990
10852	0.025445
10878	0.085600
10880	0.021751
10949	0.040379
10977	0.018113
11059	0.026432
11123	0.047685
11178	0.029384
11215	0.038190
11247	0.055100
11311	0.021359
11395	0.035497
11404	0.076321
11405	0.058769
11440	0.076321
11577	0.026659
11627	0.015228
11642	0.048349
11654	0.040790
11716	0.343808
11980	0.006098
11990	0.017160
12036	0.068762
12137	0.014989
12154	0.036943
12222	0.034808
12225	0.034104
12269	0.110200
12270	0.037865
12284	0.026560
12389	0.056781
12481	0.052359
12562	0.367216
12598	0.035058
12732	0.048349
12745	0.013832
12804	0.052359
12891	0.228337
12893	0.034808
12895	0.031490
13011	0.008895
13052	0.152345
13088	0.035914
13179	0.021043
13199	0.076321
13346	0.032745
13364	0.026100
13434	0.035344
13450	0.020639
13468	0.027745
13473	0.046789
13515	0.079964
