366
t_index	tf-idf
43	0.023844
52	0.025331
71	0.017044
82	0.033963
137	0.037569
237	0.030296
335	0.043958
341	0.034112
383	0.042596
390	0.019908
426	0.024635
438	0.009129
448	0.023996
460	0.028148
479	0.029575
519	0.059426
578	0.021745
586	0.013583
611	0.043722
658	0.043915
687	0.013705
727	0.033067
730	0.026924
746	0.017499
749	0.052597
759	0.085241
783	0.021745
816	0.022805
817	0.028973
881	0.008748
1058	0.017672
1076	0.015248
1182	0.024151
1383	0.026299
1419	0.058536
1436	0.037569
1474	0.025897
1482	0.044686
1524	0.040742
1532	0.030575
1702	0.036026
1709	0.015298
1718	0.026299
1720	0.016379
1918	0.015874
1991	0.013462
2062	0.055287
2104	0.030575
2109	0.013830
2154	0.011495
2238	0.025331
2329	0.025897
2330	0.030939
2332	0.018421
2384	0.069996
2397	0.107045
2399	0.025516
2445	0.018346
2468	0.012210
2479	0.043726
2500	0.021298
2536	0.029268
2541	0.041343
2557	0.039536
2580	0.015374
2582	0.039536
2590	0.022468
2613	0.049339
2643	0.033067
2667	0.018346
2675	0.017236
2693	0.018421
2706	0.030939
2840	0.028973
2895	0.012922
2907	0.020376
2919	0.014439
2947	0.015929
2950	0.017236
3002	0.027576
3013	0.019129
3068	0.017566
3091	0.043915
3099	0.018966
3182	0.020979
3192	0.035999
3225	0.026507
3339	0.033715
3405	0.028414
3497	0.010643
3529	0.014128
3530	0.013788
3545	0.028973
3566	0.020186
3596	0.020875
3641	0.071284
3664	0.042169
3685	0.017566
3726	0.022027
3762	0.016437
3771	0.027169
3915	0.039536
3950	0.021407
3980	0.026942
4035	0.014216
4053	0.017634
4067	0.021745
4140	0.035999
4164	0.042169
4218	0.022343
4247	0.036298
4282	0.029895
4317	0.021298
4372	0.033067
4407	0.008596
4419	0.013664
4439	0.025516
4441	0.022086
4457	0.033572
4498	0.027169
4503	0.026507
4512	0.043491
4554	0.025403
4572	0.039536
4585	0.021298
4586	0.584170
4685	0.019728
4780	0.029524
4809	0.025661
4859	0.026977
4950	0.032146
4970	0.022595
4984	0.030939
5042	0.014443
5108	0.030902
5272	0.029809
5279	0.009799
5315	0.070032
5351	0.026507
5376	0.042169
5425	0.029575
5479	0.021631
5485	0.044644
5491	0.010316
5597	0.022725
5651	0.042169
5688	0.025152
5689	0.039536
5705	0.017044
5708	0.028414
5740	0.016264
5759	0.043915
5903	0.019465
5909	0.029268
5925	0.035999
5935	0.024309
5955	0.012629
5968	0.017301
5971	0.039536
5992	0.010699
6016	0.034112
6019	0.032593
6046	0.030002
6115	0.088879
6116	0.053444
6215	0.046166
6257	0.045449
6419	0.011652
6589	0.018261
6599	0.013583
6625	0.051408
6637	0.046166
6646	0.030393
6649	0.033572
6658	0.013502
6665	0.017432
6672	0.031321
6680	0.026722
6760	0.008992
6765	0.027403
6778	0.015248
6784	0.020186
6813	0.012738
6823	0.030575
6867	0.022220
6875	0.029268
6991	0.020632
7001	0.046166
7038	0.024471
7091	0.028973
7113	0.031321
7134	0.028973
7160	0.134289
7198	0.027403
7225	0.033041
7263	0.021631
7270	0.021745
7282	0.029059
7453	0.027328
7483	0.029059
7484	0.026942
7546	0.046166
7573	0.028414
7601	0.026069
7604	0.040742
7619	0.282746
7622	0.011221
7826	0.014953
7837	0.069384
7911	0.022343
7943	0.015721
7951	0.027169
7965	0.024084
8079	0.021631
8101	0.020376
8155	0.049339
8173	0.024976
8176	0.034112
8180	0.022595
8191	0.017841
8209	0.008618
8210	0.012394
8250	0.042169
8262	0.043915
8299	0.008992
8308	0.011014
8319	0.055486
8349	0.017634
8546	0.089684
8553	0.053884
8582	0.022725
8674	0.017841
8714	0.006405
8757	0.269617
8761	0.072454
8813	0.022725
8870	0.034956
8872	0.016981
8884	0.016615
8944	0.012244
8997	0.042169
9000	0.017911
9003	0.043262
9050	0.028659
9125	0.045191
9128	0.097757
9131	0.012558
9158	0.034998
9202	0.018806
9204	0.042169
9207	0.037455
9220	0.034692
9236	0.024804
9275	0.024804
9402	0.022468
9458	0.063894
9460	0.039536
9515	0.025331
9599	0.018728
9605	0.034112
9626	0.015929
9708	0.035542
9749	0.025704
9770	0.009409
9785	0.020572
9821	0.007860
9834	0.028414
9852	0.200918
9867	0.014349
9909	0.024084
9956	0.032593
9983	0.026608
10073	0.022856
10160	0.040386
10163	0.027892
10174	0.027643
10234	0.051107
10242	0.071998
10313	0.098677
10333	0.013705
10355	0.065584
10469	0.059810
10497	0.019380
10501	0.016496
10571	0.022468
10748	0.023695
10818	0.016496
10852	0.027386
10874	0.024976
10909	0.038491
10926	0.040742
11002	0.037569
11003	0.049339
11089	0.017702
11145	0.034692
11147	0.040742
11158	0.017911
11204	0.030939
11207	0.028688
11236	0.031723
11238	0.030228
11311	0.010217
11318	0.040742
11321	0.073683
11325	0.034472
11334	0.015660
11365	0.065517
11495	0.019380
11506	0.021298
11566	0.021518
11597	0.055287
11605	0.013265
11627	0.010927
11636	0.018346
11694	0.034112
11704	0.033067
11757	0.035999
11763	0.018303
11902	0.017911
11980	0.008751
11990	0.012313
11993	0.017044
12065	0.012594
12075	0.018966
12092	0.006502
12136	0.088725
12137	0.032266
12138	0.033572
12164	0.012702
12167	0.029430
12185	0.034112
12220	0.021298
12224	0.030575
12245	0.074927
12251	0.034692
12295	0.034692
12305	0.040371
12345	0.183725
12347	0.014857
12455	0.043915
12508	0.037569
12598	0.008385
12670	0.033572
12781	0.026507
12875	0.117312
12882	0.034112
12883	0.016095
12886	0.028148
12963	0.025516
13011	0.015957
13051	0.021230
13088	0.012885
13107	0.023126
13138	0.028519
13140	0.016728
13141	0.022098
13207	0.019295
13219	0.014715
13233	0.016735
13276	0.033067
13295	0.018573
13336	0.019400
13362	0.060716
13383	0.025331
13434	0.019020
13450	0.014809
