374
t_index	tf-idf
43	0.022896
52	0.024324
71	0.016367
82	0.032612
137	0.036075
237	0.029092
335	0.042210
341	0.032756
383	0.040902
390	0.019116
426	0.023656
438	0.008766
448	0.023042
460	0.027029
479	0.028399
519	0.071329
578	0.020881
586	0.013042
611	0.041984
658	0.042168
687	0.013160
727	0.031752
730	0.025853
746	0.016803
749	0.050506
759	0.081851
783	0.020881
816	0.021899
817	0.027821
881	0.008400
1058	0.016969
1076	0.014642
1182	0.023191
1383	0.025253
1419	0.056209
1436	0.036075
1474	0.024868
1482	0.042909
1524	0.039122
1532	0.029359
1702	0.034593
1709	0.014690
1718	0.025253
1720	0.015728
1918	0.015243
1991	0.012926
2062	0.053088
2104	0.029359
2109	0.026559
2154	0.011038
2238	0.024324
2329	0.024868
2330	0.029709
2332	0.017688
2384	0.067212
2397	0.102788
2399	0.024501
2445	0.017616
2464	0.035284
2468	0.023449
2479	0.041987
2500	0.020451
2536	0.028104
2541	0.039699
2557	0.037964
2580	0.022143
2582	0.037964
2590	0.021575
2613	0.047376
2643	0.031752
2667	0.017616
2671	0.022613
2675	0.016551
2693	0.017688
2706	0.029709
2840	0.027821
2895	0.012408
2907	0.019566
2917	0.017761
2919	0.013864
2947	0.015295
2950	0.016551
3002	0.026479
3013	0.018368
3068	0.016868
3091	0.042168
3099	0.018212
3182	0.020144
3192	0.034568
3225	0.025453
3339	0.032374
3405	0.027284
3497	0.010220
3529	0.013566
3530	0.013240
3545	0.027821
3566	0.019383
3596	0.020045
3641	0.068449
3664	0.040492
3685	0.016868
3726	0.021151
3762	0.015784
3771	0.026089
3915	0.037964
3950	0.020556
3980	0.025871
3993	0.020245
4035	0.013650
4053	0.016933
4067	0.020881
4140	0.034568
4164	0.040492
4218	0.021454
4247	0.034855
4282	0.028706
4317	0.020451
4372	0.031752
4407	0.008255
4419	0.013121
4439	0.024501
4441	0.021208
4457	0.032237
4498	0.026089
4503	0.025453
4512	0.041761
4554	0.024393
4572	0.037964
4585	0.020451
4586	0.604089
4685	0.018943
4780	0.028349
4809	0.024641
4859	0.034538
4908	0.029359
4950	0.030867
4970	0.021697
4984	0.029709
5042	0.013868
5108	0.029673
5272	0.028624
5279	0.009409
5315	0.070983
5351	0.025453
5376	0.040492
5425	0.028399
5479	0.020771
5485	0.042869
5491	0.009906
5597	0.021821
5651	0.040492
5688	0.024151
5689	0.037964
5705	0.016367
5708	0.027284
5740	0.015617
5759	0.042168
5819	0.037964
5903	0.018691
5909	0.028104
5925	0.034568
5935	0.023343
5955	0.012127
5968	0.016613
5971	0.037964
5992	0.010273
6016	0.032756
6019	0.031297
6046	0.028809
6115	0.085344
6116	0.051318
6215	0.044330
6257	0.043642
6419	0.011189
6589	0.017535
6599	0.013042
6625	0.049364
6637	0.044330
6646	0.029185
6649	0.032237
6658	0.012965
6665	0.016739
6672	0.030076
6680	0.025659
6760	0.008635
6765	0.026313
6778	0.014642
6784	0.019383
6813	0.012231
6823	0.029359
6867	0.021336
6875	0.028104
6991	0.029717
7001	0.044330
7038	0.023498
7091	0.027821
7113	0.030076
7134	0.027821
7160	0.128949
7198	0.026313
7225	0.031727
7263	0.020771
7270	0.020881
7282	0.027903
7453	0.026241
7483	0.055807
7484	0.025871
7546	0.044330
7573	0.027284
7601	0.025032
7604	0.039122
7619	0.271502
7622	0.010775
7826	0.014358
7837	0.066625
7911	0.021454
7943	0.015096
7951	0.026089
7965	0.023126
8079	0.020771
8101	0.019566
8155	0.047376
8173	0.023983
8176	0.032756
8180	0.021697
8191	0.017131
8209	0.008275
8210	0.011901
8250	0.040492
8262	0.042168
8299	0.008635
8308	0.010576
8319	0.053280
8349	0.016933
8422	0.013778
8546	0.086117
8553	0.051742
8582	0.021821
8674	0.017131
8714	0.006150
8757	0.258895
8761	0.069573
8813	0.021821
8870	0.033566
8872	0.016306
8884	0.015954
8944	0.011757
8997	0.040492
9000	0.017199
9003	0.041542
9050	0.027519
9125	0.043394
9128	0.093869
9131	0.012059
9158	0.033606
9202	0.018058
9204	0.040492
9207	0.035966
9220	0.033312
9236	0.023817
9275	0.023817
9402	0.021575
9458	0.061353
9460	0.037964
9515	0.024324
9599	0.017983
9605	0.032756
9626	0.015295
9708	0.034129
9749	0.024682
9770	0.009035
9785	0.019754
9821	0.007548
9834	0.027284
9852	0.212221
9867	0.013778
9909	0.034689
9956	0.031297
9983	0.025549
10073	0.021947
10160	0.038779
10163	0.026783
10174	0.026544
10234	0.052142
10242	0.069135
10313	0.094753
10333	0.013160
10355	0.062976
10469	0.057432
10497	0.018609
10501	0.015840
10571	0.021575
10748	0.022753
10818	0.015840
10852	0.026297
10874	0.023983
10909	0.036960
10926	0.039122
11002	0.036075
11003	0.047376
11089	0.016998
11145	0.033312
11147	0.039122
11158	0.017199
11204	0.029709
11207	0.027547
11236	0.030461
11238	0.029025
11311	0.009811
11318	0.039122
11321	0.088440
11325	0.033101
11334	0.015037
11365	0.062912
11495	0.018609
11506	0.020451
11566	0.020663
11597	0.053088
11605	0.012737
11627	0.010492
11636	0.017616
11694	0.032756
11704	0.031752
11757	0.034568
11763	0.026363
11902	0.017199
11980	0.008403
11990	0.011823
11993	0.016367
12065	0.012093
12075	0.018212
12092	0.006244
12136	0.085197
12137	0.030982
12138	0.032237
12164	0.012196
12167	0.028259
12185	0.032756
12220	0.020451
12224	0.029359
12245	0.071948
12251	0.033312
12295	0.033312
12305	0.038766
12345	0.176418
12347	0.014266
12455	0.042168
12475	0.033914
12508	0.036075
12598	0.008052
12670	0.032237
12781	0.025453
12875	0.112647
12882	0.032756
12883	0.015455
12886	0.027029
12963	0.024501
13011	0.019919
13051	0.020386
13088	0.012372
13107	0.022206
13138	0.027385
13140	0.016063
13141	0.021220
13207	0.018528
13219	0.014130
13233	0.016069
13276	0.031752
13295	0.017834
13336	0.018628
13362	0.064131
13383	0.048648
13434	0.018264
13450	0.014220
