260
t_index	tf-idf
43	0.039772
201	0.038124
222	0.040548
227	0.039523
243	0.024312
273	0.035167
401	0.029077
408	0.010846
424	0.061290
437	0.084046
438	0.060906
506	0.060046
635	0.073249
687	0.022860
726	0.050999
728	0.055998
794	0.055155
841	0.038124
881	0.014591
968	0.070337
1002	0.024622
1005	0.091342
1057	0.030725
1058	0.014738
1072	0.026881
1100	0.017251
1144	0.032045
1154	0.028967
1184	0.034819
1193	0.036271
1229	0.052913
1486	0.061290
1532	0.050999
1565	0.048777
1620	0.031501
1626	0.032612
1639	0.041952
1688	0.028821
1709	0.025517
1720	0.027320
1737	0.052913
1832	0.065945
1906	0.055155
1969	0.054364
1985	0.249317
2070	0.105628
2113	0.038805
2139	0.164027
2147	0.064202
2180	0.040548
2278	0.037134
2292	0.061290
2307	0.038347
2354	0.062665
2455	0.082744
2468	0.020366
2547	0.042874
2560	0.025014
2602	0.036660
2638	0.040817
2671	0.039279
2693	0.030725
2854	0.039279
2864	0.022867
3087	0.031107
3089	0.091342
3175	0.061290
3181	0.091342
3268	0.047394
3274	0.045707
3339	0.028118
3413	0.055155
3529	0.023566
3566	0.033669
3641	0.016986
3644	0.034150
3651	0.070337
3724	0.055998
3726	0.055112
3852	0.037267
3881	0.016428
3888	0.060953
3990	0.052913
4067	0.036271
4244	0.046109
4247	0.036327
4325	0.045707
4329	0.040548
4348	0.042560
4372	0.055155
4407	0.028678
4419	0.022791
4442	0.062665
4457	0.055998
4463	0.064202
4526	0.043196
4557	0.067957
4621	0.098717
4717	0.020828
4737	0.029188
4809	0.042802
4847	0.036860
5061	0.060046
5076	0.082296
5108	0.025772
5112	0.077004
5116	0.091342
5129	0.087053
5196	0.067957
5215	0.021932
5227	0.091342
5249	0.047852
5315	0.038937
5381	0.046951
5393	0.246653
5419	0.048661
5447	0.038347
5485	0.018616
5491	0.017207
5597	0.037904
5866	0.091342
5946	0.030477
6046	0.025021
6102	0.042560
6129	0.040284
6226	0.105825
6445	0.060046
6515	0.041372
6589	0.020306
6646	0.033797
6656	0.021616
6658	0.045042
6731	0.047394
6741	0.041659
6760	0.014999
6778	0.025433
6782	0.055155
6784	0.033669
6797	0.047852
6813	0.021246
6851	0.021307
6856	0.091342
6901	0.027614
7074	0.022061
7282	0.024235
7302	0.091342
7360	0.058910
7432	0.027914
7453	0.022791
7479	0.299181
7535	0.039772
7536	0.039040
7601	0.021741
7622	0.018716
7779	0.028221
7799	0.011989
7943	0.052444
8075	0.057865
8082	0.068960
8101	0.033987
8158	0.057865
8209	0.028749
8214	0.037476
8280	0.032284
8310	0.082296
8504	0.055998
8516	0.046951
8608	0.085748
8609	0.070337
8625	0.080537
8714	0.042731
8784	0.077004
8896	0.065945
8984	0.072705
9002	0.020030
9035	0.040284
9095	0.039040
9128	0.072469
9225	0.044939
9262	0.046951
9627	0.067957
9702	0.028642
9749	0.042874
9762	0.048326
9776	0.039279
9821	0.013111
9829	0.028858
9872	0.064202
9983	0.022190
10078	0.065945
10160	0.022454
10234	0.037295
10235	0.101998
10344	0.031501
10346	0.008005
10372	0.032468
10671	0.087053
10744	0.041372
10748	0.079047
10754	0.032325
10852	0.015226
10908	0.057865
11153	0.028858
11178	0.070334
11189	0.053618
11274	0.049863
11311	0.017042
11395	0.028322
11424	0.071800
11465	0.047718
11493	0.091342
11564	0.046109
11600	0.101998
11605	0.044251
11647	0.039772
11650	0.045317
11695	0.091342
11736	0.033827
11763	0.030530
11867	0.030233
11980	0.029192
11988	0.024544
11990	0.061613
12021	0.050866
12092	0.010846
12124	0.016220
12128	0.062215
12134	0.082296
12137	0.107637
12164	0.021186
12201	0.041659
12207	0.031368
12226	0.055998
12246	0.051606
12260	0.035892
12305	0.067338
12392	0.008544
12474	0.056898
12598	0.027972
12707	0.046951
12731	0.015530
12875	0.032612
12891	0.312319
12893	0.083318
12943	0.025517
12994	0.036860
13010	0.035707
13011	0.005323
13052	0.045583
13107	0.038574
13140	0.027902
13150	0.040548
13157	0.077004
13219	0.049088
13283	0.087732
13289	0.105825
13336	0.016179
13339	0.026753
13362	0.010127
13434	0.021150
