317
t_index	tf-idf
17	0.039373
322	0.026582
366	0.018522
370	0.031094
372	0.026093
389	0.043789
408	0.122100
446	0.040964
492	0.022503
498	0.014531
518	0.016887
575	0.024502
640	0.022193
667	0.019434
684	0.021747
737	0.031308
764	0.045420
782	0.021904
798	0.049687
848	0.041883
888	0.032971
925	0.015559
1006	0.034086
1021	0.027280
1039	0.031676
1060	0.011121
1096	0.025424
1099	0.064599
1241	0.047010
1255	0.061050
1279	0.016457
1334	0.020536
1335	0.009850
1339	0.039317
1346	0.045420
1353	0.050996
1355	0.017283
1377	0.023060
1470	0.048484
1502	0.027652
1525	0.122100
1574	0.040132
1640	0.032629
1659	0.029318
1687	0.110007
1695	0.032629
1750	0.040964
1776	0.025936
1962	0.009631
1976	0.013387
2007	0.050961
2027	0.025630
2162	0.025936
2194	0.017697
2266	0.045022
2275	0.031094
2281	0.122100
2291	0.028655
2383	0.015417
2433	0.030817
2546	0.068172
2549	0.012409
2569	0.021894
2576	0.019812
2628	0.020452
2639	0.033327
2653	0.061050
2668	0.079556
2711	0.040964
2716	0.020452
2750	0.016249
2751	0.060577
2852	0.034277
2854	0.042910
2863	0.015279
2887	0.030817
2910	0.027280
2915	0.036864
2947	0.038430
2980	0.034086
3026	0.019812
3066	0.017111
3121	0.007642
3178	0.064385
3252	0.023387
3260	0.023743
3261	0.030742
3272	0.021325
3295	0.044075
3327	0.019583
3329	0.051466
3396	0.095028
3398	0.040964
3464	0.061050
3482	0.055003
3501	0.039373
3537	0.030549
3549	0.039373
3605	0.021511
3630	0.040252
3637	0.122100
3769	0.011865
3838	0.022503
3839	0.023623
3870	0.015511
3898	0.048484
3910	0.034058
3994	0.048957
4000	0.024556
4154	0.010980
4182	0.061050
4262	0.023504
4322	0.033698
4326	0.039317
4355	0.015848
4375	0.034086
4428	0.022824
4505	0.019001
4520	0.016186
4542	0.015654
4555	0.033327
4678	0.019167
4712	0.012311
4858	0.551050
4910	0.047246
4988	0.027842
5051	0.016404
5080	0.009536
5103	0.014744
5129	0.030074
5189	0.036335
5238	0.015187
5240	0.050379
5242	0.042910
5264	0.048957
5311	0.013065
5378	0.017225
5407	0.061050
5414	0.022934
5464	0.045420
5584	0.095422
5592	0.026416
5671	0.017880
5712	0.025630
5719	0.013843
5730	0.061050
5764	0.019001
5861	0.025334
5973	0.031676
6013	0.035836
6036	0.037427
6061	0.028445
6063	0.035365
6083	0.044075
6119	0.035365
6133	0.048957
6178	0.047487
6181	0.023387
6190	0.036335
6196	0.082820
6219	0.014079
6232	0.019287
6264	0.018132
6283	0.036335
6381	0.049542
6382	0.089370
6523	0.025334
6650	0.019659
6686	0.012990
6689	0.053457
6856	0.006786
6911	0.047397
6913	0.022588
6925	0.015052
6937	0.013061
6938	0.034917
6983	0.023387
7027	0.020049
7032	0.091647
7121	0.024771
7140	0.014040
7311	0.012442
7337	0.044233
7338	0.021993
7352	0.032299
7358	0.064599
7376	0.034917
7469	0.051466
7489	0.024556
7522	0.041931
7615	0.037427
7641	0.047010
7671	0.016096
7863	0.014531
7881	0.143277
7903	0.029318
7961	0.014364
7972	0.380221
7979	0.012850
8117	0.031309
8206	0.026289
8216	0.010050
8227	0.013424
8399	0.017636
8435	0.050379
8444	0.038675
8449	0.023387
8463	0.009607
8520	0.048957
8577	0.061857
8762	0.037427
8803	0.033327
8821	0.033327
8861	0.031094
9008	0.040093
9015	0.075143
9019	0.080773
9202	0.109200
9303	0.031950
9374	0.025190
9377	0.018163
9381	0.019287
9515	0.018589
9542	0.016832
9649	0.050095
9731	0.040964
9838	0.017758
9868	0.061050
9897	0.031094
9915	0.027652
9958	0.055003
9989	0.020979
10040	0.008763
10071	0.156790
10074	0.037427
10096	0.025781
10129	0.040273
10140	0.047010
10146	0.036864
10147	0.035836
10204	0.014831
10234	0.028655
10299	0.054561
10397	0.015007
10403	0.028320
10471	0.010683
10498	0.110007
10517	0.061050
10546	0.061050
10565	0.037427
10581	0.010700
10590	0.024371
10641	0.029551
10727	0.021793
10732	0.021605
10794	0.052832
10806	0.025048
10832	0.015417
10835	0.044104
10841	0.013537
10879	0.042910
10988	0.021605
11038	0.017168
11044	0.041883
11284	0.081927
11320	0.019889
11344	0.026416
11376	0.045420
11402	0.028039
11416	0.049005
11443	0.038029
11503	0.027100
11550	0.020536
11614	0.051466
11629	0.009465
11665	0.022934
11699	0.035836
11753	0.028871
11797	0.030817
11798	0.047978
11799	0.029092
11859	0.012181
11860	0.035365
11879	0.026582
11944	0.061050
12063	0.036864
12109	0.040964
12131	0.079869
12149	0.041410
12150	0.014701
12215	0.004878
12225	0.013727
12228	0.038002
12327	0.007249
12397	0.014160
12539	0.022503
12571	0.032629
12626	0.022842
12748	0.076057
12833	0.024636
12839	0.058636
12942	0.047010
12970	0.011065
13140	0.048957
13175	0.017055
13195	0.028445
13199	0.051259
13222	0.015654
13244	0.010673
13343	0.022530
13351	0.042910
13373	0.009324
13438	0.033698
13571	0.021605
13598	0.020883
13622	0.028240
13674	0.021204
