222
t_index	tf-idf
307	0.022062
361	0.020421
394	0.020884
498	0.015675
575	0.026431
621	0.024162
640	0.023940
646	0.019838
684	0.015639
693	0.023204
717	0.010978
798	0.017866
865	0.016334
868	0.032378
890	0.026290
951	0.019909
956	0.019628
967	0.016481
970	0.031626
974	0.016990
1009	0.033850
1010	0.016189
1039	0.068339
1097	0.034842
1254	0.029828
1349	0.009690
1377	0.012438
1459	0.058087
1749	0.031143
1782	0.027486
1789	0.029234
1839	0.050711
1930	0.067084
1962	0.010390
1976	0.014441
1993	0.019697
2066	0.033772
2266	0.080944
2272	0.041719
2556	0.020272
2570	0.024739
2668	0.042909
2669	0.031382
2670	0.030684
2739	0.014684
2814	0.024859
2833	0.009690
2852	0.018488
2857	0.091388
3121	0.024730
3166	0.024504
3181	0.022616
3196	0.030684
3252	0.025228
3298	0.111035
3337	0.023618
3340	0.047545
3496	0.025228
3769	0.012799
3899	0.035950
3910	0.012246
4000	0.013245
4105	0.038657
4169	0.027811
4222	0.030911
4226	0.035566
4267	0.042473
4326	0.042412
4340	0.052300
4394	0.041022
4413	0.043291
4423	0.026431
4492	0.015362
4654	0.015274
4678	0.020676
4712	0.026560
4857	0.025612
4858	0.270194
4885	0.055518
4953	0.039195
4964	0.022062
4988	0.015017
5080	0.010286
5087	0.032954
5129	0.054069
5311	0.003523
5494	0.028319
5584	0.028073
5592	0.028495
5599	0.032135
5937	0.036769
6044	0.029626
6080	0.024739
6121	0.029828
6164	0.020497
6167	0.023409
6184	0.040373
6196	0.022335
6214	0.035566
6230	0.039195
6256	0.012866
6381	0.026721
6653	0.039195
6856	0.029281
6866	0.049002
6877	0.036351
6916	0.040373
6937	0.014089
6973	0.023204
6987	0.023103
7064	0.034500
7080	0.015318
7255	0.012405
7337	0.015905
7524	0.036769
7546	0.017473
7573	0.015231
7661	0.052810
7700	0.025598
7745	0.034946
7758	0.023306
7853	0.021624
7865	0.021624
7881	0.463665
7885	0.013494
7903	0.031626
7979	0.013861
8042	0.020573
8101	0.041719
8117	0.011258
8206	0.018905
8227	0.014481
8443	0.026290
8448	0.021455
8462	0.020198
8463	0.020727
8464	0.007452
8556	0.010814
8577	0.016682
8585	0.062763
8607	0.042412
8643	0.028857
8786	0.107851
8803	0.107851
8804	0.065855
8811	0.097200
8943	0.044188
9012	0.034842
9015	0.054039
9061	0.081517
9196	0.015450
9257	0.021539
9303	0.022976
9377	0.032655
9407	0.042087
9480	0.029828
9512	0.023832
9564	0.065855
9755	0.028319
9830	0.078390
9907	0.027486
9926	0.021371
10029	0.034842
10034	0.030246
10037	0.075332
10053	0.034169
10071	0.096647
10129	0.028962
10397	0.016189
10471	0.046095
10479	0.649371
10581	0.005771
10590	0.026290
10763	0.046288
10805	0.029626
10833	0.048995
10841	0.014602
10862	0.013974
10879	0.046288
11055	0.032673
11088	0.010978
11416	0.052862
11471	0.038148
11545	0.006143
11568	0.018832
11599	0.039394
11945	0.055518
11946	0.034169
11994	0.011006
12035	0.045180
12092	0.025612
12153	0.035566
12155	0.076297
12215	0.005262
12228	0.040994
12260	0.022152
12262	0.029828
12327	0.007820
12423	0.025228
12458	0.036769
12518	0.022918
12539	0.024274
12626	0.018480
12757	0.028147
12802	0.040373
13013	0.031877
13037	0.035950
13116	0.031143
13118	0.033850
13195	0.030684
13244	0.009594
13259	0.022616
13284	0.012766
13304	0.021710
13364	0.038657
13371	0.017148
13373	0.030175
13374	0.026575
13412	0.018157
13441	0.015952
13480	0.038657
13598	0.022527
