385
t_index	tf-idf
28	0.019853
79	0.017120
110	0.021253
140	0.028460
217	0.014106
222	0.026307
237	0.016393
248	0.059263
249	0.031354
331	0.104362
336	0.026660
343	0.044090
390	0.043088
401	0.037730
407	0.016078
408	0.007037
472	0.028460
503	0.021263
520	0.053393
546	0.033895
571	0.024879
578	0.047065
671	0.017916
676	0.017663
751	0.029156
783	0.023532
812	0.049960
881	0.009467
951	0.032351
953	0.038958
1032	0.022591
1058	0.028686
1062	0.019083
1085	0.016556
1096	0.040533
1100	0.011193
1119	0.059263
1159	0.028686
1184	0.022591
1225	0.026842
1341	0.012340
1373	0.051286
1390	0.049960
1452	0.019935
1461	0.049960
1525	0.019010
1586	0.045634
1688	0.018699
1709	0.033111
1793	0.033895
1808	0.059263
1829	0.059263
1910	0.025329
1935	0.014699
2194	0.176412
2251	0.029915
2267	0.037543
2278	0.024092
2305	0.019232
2429	0.017980
2444	0.045634
2479	0.031547
2500	0.023048
2560	0.016229
2580	0.008318
2616	0.039765
2638	0.026482
2670	0.036916
2671	0.025484
2675	0.037305
2697	0.033482
2889	0.020438
2906	0.052964
2912	0.022263
2944	0.032712
2950	0.018652
2976	0.029402
2993	0.022703
3001	0.023048
3002	0.044763
3068	0.019010
3179	0.023409
3254	0.041654
3299	0.059263
3305	0.041654
3308	0.029655
3318	0.352715
3319	0.059263
3339	0.018243
3367	0.038958
3423	0.037543
3522	0.034787
3598	0.015057
3641	0.033061
3651	0.045634
3675	0.029402
3692	0.039074
3734	0.034787
3735	0.026842
3762	0.017788
3782	0.053393
3789	0.053393
3848	0.035785
3870	0.026136
3871	0.025804
3881	0.042635
3886	0.021643
3888	0.019773
3896	0.039765
3897	0.025027
3905	0.053393
3960	0.033895
3968	0.059865
3985	0.042785
3987	0.013513
4010	0.038221
4041	0.039230
4053	0.019083
4067	0.047065
4128	0.019615
4138	0.052618
4204	0.036916
4211	0.041654
4247	0.007856
4366	0.059263
4407	0.046515
4419	0.029574
4439	0.027613
4556	0.034787
4588	0.022480
4597	0.036916
4639	0.022932
4652	0.025027
4755	0.034373
4809	0.009257
4859	0.048656
4929	0.029915
4996	0.035785
5042	0.018755
5059	0.059263
5279	0.021209
5304	0.036331
5315	0.037894
5323	0.045634
5382	0.020701
5385	0.019157
5447	0.024879
5500	0.036890
5693	0.049960
5748	0.034787
5787	0.022327
5799	0.030462
5807	0.049960
5810	0.041225
5852	0.039765
5857	0.026842
5936	0.061498
6114	0.033088
6186	0.020099
6189	0.053393
6196	0.059263
6225	0.028686
6282	0.042785
6378	0.007896
6453	0.186621
6461	0.400327
6579	0.030184
6582	0.044741
6589	0.013175
6619	0.059263
6646	0.021927
6658	0.014612
6676	0.047570
6706	0.041762
6741	0.054057
6746	0.017916
6760	0.019462
6778	0.016501
6796	0.020525
6807	0.032573
6813	0.013785
6876	0.013629
6901	0.035831
6906	0.059263
6954	0.038221
6980	0.053393
6992	0.027613
7033	0.018937
7044	0.014482
7046	0.059263
7092	0.009780
7210	0.022591
7282	0.015724
7309	0.013706
7409	0.015625
7435	0.085380
7438	0.023035
7457	0.142307
7468	0.028918
7483	0.031447
7591	0.019460
7618	0.098135
7698	0.041831
7716	0.049895
7799	0.007778
7853	0.020262
7858	0.079980
7859	0.059263
7891	0.059263
7929	0.038221
7943	0.042532
7951	0.029402
7965	0.013032
8062	0.040657
8079	0.023409
8138	0.017120
8191	0.019307
8210	0.020118
8214	0.024315
8238	0.044741
8277	0.059263
8280	0.005236
8299	0.009731
8315	0.032712
8318	0.027613
8319	0.030023
8349	0.019083
8350	0.053393
8463	0.059263
8531	0.053393
8590	0.024879
8591	0.044090
8593	0.059263
8597	0.025706
8599	0.075058
8625	0.017417
8643	0.047524
8674	0.019307
8718	0.041049
8729	0.031046
8901	0.053393
8938	0.013904
8940	0.036916
8944	0.026501
8951	0.024046
8976	0.026482
8977	0.020791
8994	0.038958
9050	0.020676
9064	0.031046
9099	0.035271
9127	0.059263
9128	0.029386
9132	0.018723
9158	0.018937
9201	0.059263
9202	0.040704
9218	0.059263
9234	0.020016
9261	0.033088
9277	0.020438
9279	0.030462
9281	0.047524
9283	0.035785
9295	0.016340
9306	0.018310
9387	0.088206
9391	0.022591
9393	0.036916
9402	0.024315
9566	0.030184
9591	0.022816
9713	0.119661
9716	0.048092
9717	0.016666
9724	0.036916
9736	0.041654
9748	0.040533
9770	0.010182
9791	0.035271
9828	0.023914
9831	0.059263
9852	0.021743
9856	0.029156
9874	0.049960
9927	0.034787
10010	0.027817
10164	0.059263
10166	0.027491
10234	0.010370
10346	0.005194
10440	0.035785
10455	0.024046
10469	0.016181
10482	0.021947
10483	0.016447
10492	0.021155
10499	0.017663
10501	0.017852
10556	0.054929
10564	0.017417
10570	0.026660
10575	0.078922
10576	0.049960
10577	0.280070
10578	0.069145
10654	0.053393
10671	0.028240
10734	0.059263
10818	0.017852
10852	0.009879
10874	0.027028
10908	0.037543
10924	0.047524
10949	0.031354
10958	0.018310
11041	0.057836
11082	0.026307
11084	0.019307
11178	0.022816
11186	0.053393
11198	0.032712
11253	0.059263
11268	0.026307
11297	0.029915
11311	0.005528
11395	0.036751
11446	0.047524
11564	0.029915
11594	0.053393
11627	0.011825
11673	0.047524
11736	0.021947
11795	0.032006
11922	0.055225
11980	0.004735
11990	0.013325
12025	0.019935
12027	0.026842
12075	0.020525
12085	0.099920
12124	0.010524
12128	0.020182
12246	0.033482
12284	0.020624
12305	0.021844
12313	0.023658
12372	0.015336
12392	0.005543
12516	0.036916
12525	0.025329
12527	0.038958
12564	0.047524
12598	0.018148
12624	0.042785
12638	0.053393
12651	0.053393
12726	0.020973
12731	0.010076
12745	0.010741
12788	0.047524
12848	0.023401
12888	0.118526
12927	0.019773
12976	0.020438
12990	0.045587
13011	0.003454
13051	0.022975
13052	0.014787
13075	0.019537
13088	0.013944
13117	0.031046
13140	0.018103
13184	0.091885
13185	0.057030
13207	0.020881
13233	0.054331
13295	0.020099
13351	0.025804
13362	0.026282
13382	0.038958
13434	0.013722
13481	0.108662
13515	0.031046
13516	0.033895
