178
t_index	tf-idf
43	0.044670
76	0.051335
87	0.062251
101	0.086486
203	0.064991
217	0.024419
394	0.061807
407	0.027832
611	0.040954
652	0.060221
693	0.033820
694	0.026467
780	0.018689
783	0.040737
849	0.027654
1058	0.016553
1173	0.102590
1301	0.134880
1354	0.044670
1425	0.082269
1629	0.044116
1702	0.022497
1719	0.046789
1762	0.037640
1792	0.026305
1883	0.070382
1935	0.050890
1974	0.330822
2097	0.050060
2154	0.021535
2156	0.076325
2313	0.039107
2369	0.030362
2460	0.055405
2809	0.028754
2864	0.025683
2951	0.144249
2984	0.050060
2993	0.039301
3333	0.044954
3497	0.039877
3584	0.051787
3598	0.026066
3750	0.082269
3762	0.030793
3810	0.036958
3842	0.050898
3874	0.067440
3892	0.036306
3968	0.025908
3993	0.039498
4076	0.071999
4128	0.033956
4419	0.025598
4462	0.022621
4464	0.068837
4481	0.044390
4521	0.033292
4780	0.027654
4809	0.064097
5006	0.048154
5042	0.032468
5233	0.039899
5238	0.037466
5315	0.051021
5341	0.054830
5454	0.023262
5485	0.020909
5490	0.102590
5500	0.031930
5624	0.239395
5750	0.066164
5810	0.035682
5835	0.053744
5955	0.023660
6090	0.043847
6200	0.030685
6243	0.125570
6589	0.011403
6600	0.042572
6630	0.039899
6668	0.063905
6746	0.031014
6797	0.053744
7033	0.032782
7074	0.024777
7147	0.061059
7223	0.117353
7225	0.020633
7272	0.072612
7453	0.025598
7601	0.024419
7622	0.042041
7664	0.154157
7869	0.022874
7902	0.024208
8180	0.042330
8209	0.016145
8280	0.009065
8299	0.033692
8308	0.020633
8393	0.046467
8422	0.026880
8518	0.052252
8607	0.068837
8667	0.063905
8701	0.059428
8709	0.054277
8742	0.057961
8768	0.092430
8776	0.068837
8895	0.040737
8968	0.056004
8974	0.541135
9002	0.022497
9170	0.089830
9206	0.056004
9260	0.042330
9269	0.031238
9299	0.050898
9528	0.044116
9538	0.041857
9586	0.046789
9620	0.072108
9743	0.042330
9753	0.028850
9780	0.064991
9802	0.048516
9810	0.054277
9836	0.087166
9898	0.035991
9909	0.022559
10187	0.062930
10189	0.028659
10234	0.029919
10375	0.038355
10495	0.051350
10565	0.071671
10619	0.082269
10675	0.064991
10737	0.047455
10795	0.054277
10801	0.072108
10852	0.017101
10876	0.099317
11058	0.059428
11096	0.035991
11122	0.036148
11158	0.033554
11269	0.070382
11287	0.031930
11424	0.026880
11485	0.063905
11514	0.049267
11577	0.071671
11627	0.020470
11843	0.047800
11926	0.059428
12065	0.023593
12180	0.083252
12284	0.017851
12286	0.189964
12347	0.055664
12372	0.053098
12392	0.009596
12726	0.036306
12731	0.017442
12754	0.048887
12846	0.112007
12943	0.057319
13011	0.017936
13088	0.024138
13138	0.026714
13140	0.015669
13227	0.040737
13246	0.031930
13346	0.022008
13434	0.011877
