349
t_index	tf-idf
82	0.027051
108	0.030604
138	0.056182
153	0.087236
165	0.032155
201	0.036410
237	0.024131
273	0.033586
336	0.039244
390	0.031713
394	0.026278
408	0.020717
438	0.058168
458	0.022368
503	0.015650
519	0.023667
572	0.030604
606	0.087236
608	0.051208
610	0.056262
676	0.026000
693	0.028759
694	0.022506
729	0.044840
751	0.042919
782	0.028420
843	0.058535
845	0.046624
881	0.069678
940	0.033928
1058	0.028151
1062	0.028091
1091	0.087236
1096	0.089499
1100	0.049427
1133	0.094226
1144	0.030604
1188	0.041570
1389	0.110528
1397	0.067175
1506	0.036410
1565	0.046584
1568	0.046154
1590	0.062980
1620	0.030085
1652	0.036200
1688	0.013763
1708	0.038725
1709	0.024370
1720	0.026092
1738	0.047113
1802	0.023366
1837	0.051208
1858	0.064311
1872	0.025639
1878	0.032006
1922	0.042568
1935	0.021637
2109	0.110153
2139	0.174060
2154	0.018312
2278	0.017732
2285	0.026854
2290	0.032307
2305	0.056619
2373	0.038226
2422	0.059848
2430	0.045700
2560	0.011945
2580	0.097960
2665	0.032930
2861	0.087236
2864	0.032759
2919	0.023001
2960	0.042226
3001	0.033928
3002	0.021964
3055	0.053480
3071	0.058535
3099	0.030213
3135	0.045263
3147	0.032006
3179	0.034458
3182	0.033419
3288	0.052676
3339	0.026854
3363	0.028759
3425	0.043652
3491	0.056262
3497	0.033909
3551	0.026854
3552	0.041254
3566	0.064311
3590	0.042226
3598	0.022165
3605	0.046624
3641	0.016222
3705	0.039244
3725	0.087305
3726	0.017545
3813	0.040353
3870	0.076946
3871	0.075968
3881	0.015690
3890	0.087236
3954	0.048706
3983	0.064902
3993	0.033586
4047	0.049894
4247	0.057823
4317	0.033928
4329	0.038725
4407	0.054777
4419	0.021767
4439	0.040646
4474	0.069956
4605	0.073542
4667	0.055264
4737	0.027876
4755	0.084329
4809	0.013626
4831	0.033586
4847	0.035203
4857	0.035994
4859	0.014325
4968	0.021702
5042	0.013804
5056	0.043652
5108	0.024614
5146	0.032771
5160	0.053480
5239	0.064311
5315	0.012396
5454	0.019780
5485	0.017779
5491	0.082165
5697	0.045700
5698	0.045700
5740	0.025909
5778	0.067175
5787	0.016433
5810	0.030342
5828	0.059848
5932	0.029586
5951	0.048706
5955	0.060356
5966	0.103841
5967	0.054340
5968	0.055121
5994	0.052676
6046	0.023897
6231	0.056262
6329	0.026467
6383	0.056182
6419	0.018562
6453	0.078488
6461	0.058929
6589	0.029090
6600	0.036200
6620	0.027770
6656	0.020644
6658	0.021508
6665	0.027770
6751	0.064919
6991	0.032866
6992	0.040646
7038	0.038982
7044	0.021318
7047	0.071118
7143	0.041570
7167	0.056262
7225	0.017545
7270	0.034640
7316	0.042226
7394	0.027051
7396	0.047113
7409	0.046001
7438	0.084771
7457	0.261848
7459	0.174472
7482	0.055264
7483	0.023146
7484	0.042919
7603	0.057290
7622	0.017875
7698	0.020525
7709	0.024696
7779	0.026952
7799	0.057250
7853	0.014913
7865	0.028874
7884	0.022576
7887	0.035012
7912	0.032155
7935	0.053480
7965	0.019183
8045	0.108681
8099	0.034279
8208	0.080267
8209	0.027457
8210	0.078971
8214	0.035792
8272	0.026854
8280	0.038541
8299	0.014325
8308	0.017545
8315	0.048152
8316	0.033419
8385	0.038226
8422	0.022857
8488	0.046154
8571	0.064902
8590	0.036623
8597	0.018920
8599	0.022097
8601	0.036200
8602	0.044432
8609	0.067175
8674	0.113681
8714	0.071417
8742	0.049286
8864	0.020234
8872	0.027051
8927	0.044600
8938	0.020467
8944	0.019505
8977	0.061208
9002	0.019130
9043	0.041570
9050	0.030436
9057	0.041570
9090	0.073542
9124	0.042568
9128	0.043257
9131	0.040010
9134	0.033586
9161	0.157192
9167	0.041254
9198	0.035592
9204	0.067175
9207	0.029833
9234	0.029464
9269	0.079688
9339	0.044329
9391	0.033254
9395	0.055264
9580	0.023441
9613	0.048706
9635	0.039244
9644	0.078596
9703	0.062980
9717	0.024532
9829	0.027560
9867	0.022857
9904	0.052676
10000	0.036623
10002	0.036840
10074	0.046624
10102	0.043652
10160	0.021445
10187	0.026756
10227	0.037285
10234	0.086501
10288	0.075968
10293	0.047622
10346	0.007645
10437	0.030342
10483	0.024210
10492	0.046711
10497	0.030872
10511	0.043652
10556	0.080856
10572	0.078596
10576	0.073542
10577	0.190277
10627	0.018511
10679	0.043652
10717	0.067175
10958	0.026952
11096	0.030604
11153	0.027560
11158	0.028532
11169	0.035792
11170	0.044432
11204	0.147859
11287	0.054303
11311	0.024414
11365	0.052184
11395	0.027049
11465	0.045573
11467	0.046154
11583	0.087236
11627	0.052218
11636	0.029225
11763	0.043736
11764	0.026756
11774	0.024290
11863	0.033928
11864	0.046437
11880	0.058535
11980	0.027880
11988	0.070322
11990	0.039229
12065	0.160493
12092	0.010358
12164	0.020234
12207	0.029958
12227	0.039786
12245	0.039786
12284	0.015179
12292	0.044840
12313	0.034825
12356	0.064902
12372	0.022576
12392	0.008160
12437	0.044432
12572	0.056262
12598	0.026715
12600	0.035203
12707	0.044840
12709	0.080133
12731	0.014832
12745	0.015811
12847	0.062980
12875	0.031146
12927	0.058213
12928	0.088072
12972	0.042919
12976	0.030085
12990	0.022368
12994	0.035203
13010	0.034102
13011	0.025419
13052	0.021767
13075	0.028759
13088	0.020525
13092	0.029958
13110	0.032195
13150	0.038725
13219	0.117203
13270	0.031859
13296	0.025550
13336	0.030903
13346	0.018714
13362	0.067704
13434	0.020199
13450	0.023591
13480	0.033419
13481	0.106635
