254
t_index	tf-idf
214	0.060618
228	0.062468
322	0.036559
351	0.039411
366	0.025474
418	0.027037
443	0.054152
466	0.038030
491	0.052302
576	0.075544
646	0.025292
667	0.026728
716	0.025752
717	0.027993
804	0.017113
949	0.075648
951	0.025383
1010	0.020640
1096	0.017483
1109	0.038564
1279	0.022633
1290	0.038839
1310	0.067332
1335	0.013548
1372	0.062468
1377	0.015858
1480	0.030385
1577	0.055196
1630	0.073119
1676	0.118032
1681	0.052302
1729	0.075648
1904	0.036107
1992	0.076588
2018	0.043986
2036	0.061611
2077	0.022490
2085	0.037772
2211	0.062476
2344	0.040322
2372	0.040971
2413	0.050259
2516	0.070784
2524	0.041657
2564	0.040322
2569	0.030112
2592	0.056339
2628	0.056257
2668	0.027354
2725	0.040322
2731	0.045346
2739	0.018721
2750	0.022348
2759	0.052461
2852	0.023571
2863	0.021013
2937	0.031695
2947	0.079281
3014	0.075648
3178	0.044276
3236	0.056339
3252	0.096496
3285	0.108310
3346	0.055196
3402	0.025752
3442	0.033166
3479	0.054152
3658	0.037030
3721	0.036792
3750	0.040322
3856	0.042384
4036	0.025025
4048	0.034068
4084	0.030248
4154	0.015101
4174	0.025566
4214	0.075648
4262	0.032326
4349	0.019642
4678	0.013181
4690	0.020950
4698	0.057603
4709	0.058912
4793	0.027248
4826	0.019475
4910	0.032490
5011	0.057603
5012	0.075648
5051	0.022561
5116	0.060618
5129	0.013787
5200	0.048023
5233	0.056487
5238	0.020888
5310	0.043986
5311	0.013477
5365	0.046880
5378	0.023690
5454	0.046880
5502	0.065310
5518	0.075648
5584	0.041758
5616	0.044875
5623	0.042384
5755	0.031633
5827	0.070784
5862	0.085530
5938	0.044875
5950	0.038564
6005	0.024937
6107	0.075648
6150	0.086317
6167	0.059691
6206	0.070784
6210	0.028015
6269	0.102949
6311	0.070784
6328	0.144069
6361	0.045346
6544	0.028595
6782	0.038030
6786	0.030385
6831	0.075648
6856	0.009333
6866	0.020825
6943	0.033699
6980	0.026933
6983	0.032165
6987	0.029456
7035	0.040642
7138	0.057603
7255	0.015817
7256	0.039122
7337	0.020279
7536	0.059429
7546	0.022277
7564	0.020702
7745	0.022277
7885	0.034408
7927	0.063084
7972	0.023770
8003	0.075648
8132	0.018721
8159	0.043158
8197	0.031242
8399	0.024256
8435	0.034644
8448	0.027354
8463	0.013213
8464	0.009501
8556	0.013787
8623	0.030806
8758	0.049287
9056	0.054152
9070	0.064655
9128	0.017866
9153	0.066682
9232	0.442887
9259	0.018412
9377	0.024981
9381	0.026527
9419	0.098028
9481	0.067332
9493	0.108303
9512	0.030385
9542	0.023150
9546	0.041657
9582	0.081942
9588	0.065646
9755	0.072213
9837	0.025566
9847	0.037772
9871	0.064655
9895	0.057603
9935	0.023612
9967	0.057428
9968	0.078822
9972	0.094447
10021	0.079414
10053	0.043565
10068	0.028834
10086	0.022000
10101	0.043565
10117	0.029456
10129	0.036926
10142	0.045836
10180	0.037272
10334	0.151296
10366	0.141567
10397	0.020640
10422	0.128761
10423	0.187648
10464	0.035886
10471	0.048975
10490	0.156907
10598	0.062468
10717	0.031095
10718	0.023302
10784	0.070088
10799	0.024677
10800	0.058659
10832	0.021204
10878	0.049973
10926	0.056339
11048	0.229178
11054	0.025292
11088	0.013997
11113	0.031391
11210	0.062468
11227	0.047438
11294	0.048638
11400	0.141567
11440	0.064195
11545	0.070495
11688	0.049287
11702	0.042015
11809	0.029329
12004	0.051474
12026	0.045346
12073	0.039122
12092	0.032655
12134	0.102949
12149	0.028476
12215	0.026834
12225	0.037757
12295	0.075648
12316	0.055196
12327	0.009970
12414	0.068136
12496	0.075648
12518	0.014610
12520	0.062190
12582	0.022779
12626	0.007854
12831	0.025712
12836	0.060618
12959	0.089143
12964	0.042826
12976	0.062468
13078	0.045836
13080	0.016577
13171	0.059016
13173	0.040642
13194	0.031542
13244	0.014679
13266	0.075648
13371	0.021864
13373	0.038473
13386	0.075648
13454	0.045123
13598	0.009574
13625	0.037272
13628	0.039411
13674	0.009721
