134
t_index	tf-idf
338	0.086034
492	0.242140
751	0.078868
782	0.029462
805	0.073386
951	0.049648
967	0.041101
1213	0.164229
1470	0.065213
1852	0.115432
2016	0.045281
2077	0.043988
2291	0.077085
2352	0.067762
2353	0.071508
2390	0.083646
2413	0.098304
2428	0.034474
2549	0.033382
2569	0.058897
2676	0.065913
2700	0.049826
2759	0.051305
2761	0.086888
2806	0.089652
2936	0.078868
2937	0.061993
2951	0.164229
3010	0.071508
3121	0.020557
3267	0.059162
3285	0.042369
3531	0.085211
3636	0.039090
3992	0.082901
4000	0.033029
4174	0.050006
4308	0.042500
4326	0.052883
4397	0.209913
4411	0.048605
4478	0.057866
4705	0.164229
4712	0.033117
4831	0.092785
4912	0.164229
4988	0.037448
5129	0.026967
5310	0.086034
5311	0.017574
5484	0.039432
5548	0.029387
5584	0.011668
5595	0.048775
5599	0.080137
5602	0.164229
5612	0.122183
5755	0.030936
5843	0.164229
6200	0.085211
6256	0.032085
6306	0.063871
6356	0.070192
6476	0.105917
6544	0.055929
6606	0.091693
6645	0.021880
6770	0.115432
6817	0.071061
6843	0.164229
6856	0.018255
6925	0.040491
6963	0.164229
6973	0.057866
7165	0.049648
7302	0.073386
7388	0.137088
7512	0.164229
7631	0.075967
7649	0.105917
7708	0.164229
8126	0.164229
8132	0.036617
8291	0.097744
8338	0.064870
8463	0.025845
8464	0.037167
8537	0.014511
8577	0.041600
8674	0.092785
8840	0.116751
8861	0.083646
8878	0.118565
9035	0.164229
9209	0.066635
9303	0.028649
9377	0.081435
9380	0.037661
9419	0.047934
9456	0.089652
9542	0.045281
9586	0.041727
9631	0.038419
9742	0.075967
9755	0.070622
9926	0.053295
10065	0.095134
10117	0.057615
10204	0.039897
10730	0.041101
11002	0.062603
11065	0.095134
11088	0.027376
11413	0.063228
11416	0.065913
11536	0.164229
11698	0.085794
11890	0.082179
12131	0.053714
12223	0.044129
12225	0.036925
12327	0.019500
12430	0.082901
12455	0.107959
12610	0.086888
12626	0.030723
12970	0.029765
13268	0.065560
13273	0.063871
13364	0.096402
13454	0.044129
13456	0.095134
13602	0.112325
13674	0.019013
