290
t_index	tf-idf
171	0.046260
306	0.034038
357	0.045245
386	0.020168
418	0.021713
420	0.032382
455	0.030131
495	0.036810
504	0.041338
522	0.066349
524	0.017947
554	0.054073
684	0.024020
687	0.049710
693	0.023759
737	0.034580
782	0.012097
919	0.067430
930	0.030753
944	0.176623
1005	0.067430
1026	0.043094
1063	0.026776
1067	0.028308
1096	0.014040
1129	0.018177
1192	0.050167
1298	0.067430
1502	0.030542
1579	0.051923
1629	0.040132
1698	0.054073
1750	0.045245
1790	0.048682
1801	0.021630
1895	0.023254
1920	0.042717
1983	0.037674
2177	0.040132
2178	0.057640
2188	0.023157
2211	0.033449
2263	0.050167
2270	0.026635
2291	0.031650
2313	0.027822
2337	0.034038
2344	0.032382
2413	0.121087
2472	0.047395
2481	0.048682
2570	0.050662
2582	0.077133
2584	0.025704
2617	0.040717
2668	0.087871
2700	0.040916
2759	0.210651
2833	0.009922
2841	0.025331
2911	0.051923
3025	0.060752
3074	0.039582
3121	0.008440
3225	0.056845
3236	0.045245
3261	0.033955
3285	0.034793
3408	0.022408
3447	0.022964
3461	0.047395
3497	0.054073
3520	0.034038
3560	0.036039
3648	0.060752
3728	0.094951
3895	0.027981
4014	0.036417
4115	0.200667
4125	0.039582
4190	0.031888
4211	0.052719
4213	0.067430
4226	0.036417
4241	0.038096
4406	0.047395
4427	0.042717
4478	0.047518
4487	0.016478
4493	0.031191
4517	0.034038
4520	0.008939
4659	0.056287
4712	0.027195
4784	0.026776
4785	0.051923
4794	0.037648
4826	0.046919
4827	0.075629
4910	0.052184
4923	0.028476
5026	0.026073
5034	0.039582
5043	0.067430
5051	0.054356
5052	0.021713
5129	0.011072
5163	0.067430
5276	0.063300
5311	0.003608
5358	0.054073
5373	0.054073
5385	0.032639
5484	0.016190
5541	0.018352
5548	0.012066
5584	0.038326
5624	0.028143
5641	0.044327
5679	0.036039
5736	0.037648
5755	0.076213
5842	0.094790
5950	0.030970
6008	0.068688
6049	0.050808
6121	0.061083
6168	0.042717
6174	0.040717
6256	0.039522
6264	0.040053
6270	0.067430
6340	0.043488
6356	0.028820
6366	0.028646
6509	0.027511
6533	0.045245
6544	0.045928
6599	0.067430
6844	0.021882
6856	0.007495
6887	0.021465
6911	0.017450
6914	0.033454
6947	0.065807
7027	0.011072
7063	0.046706
7074	0.018531
7090	0.037648
7096	0.023060
7121	0.027360
7139	0.034660
7179	0.029933
7191	0.050167
7247	0.037220
7295	0.042003
7337	0.016285
7345	0.048682
7353	0.011128
7394	0.054073
7413	0.033742
7461	0.067430
7489	0.027123
7510	0.086977
7522	0.023157
7528	0.113690
7534	0.026776
7537	0.042717
7564	0.033250
7588	0.040132
7631	0.031191
7680	0.037648
7709	0.080265
7744	0.085434
7753	0.032132
7830	0.040132
7885	0.055266
7952	0.032382
8206	0.019358
8323	0.050167
8357	0.045245
8418	0.032903
8419	0.046260
8435	0.055644
8461	0.040717
8464	0.015260
8500	0.067430
8528	0.041514
8534	0.060752
8552	0.067430
8571	0.036942
8574	0.025832
8711	0.056845
8774	0.034660
8840	0.335557
8855	0.040717
8856	0.014625
8858	0.034161
8877	0.024972
8923	0.030542
8972	0.031545
8993	0.067430
9008	0.022141
9030	0.036039
9056	0.043488
9148	0.068688
9202	0.015077
9260	0.026635
9294	0.060752
9303	0.023526
9360	0.067430
9377	0.040123
9380	0.015463
9419	0.078725
9432	0.027511
9441	0.023060
9479	0.035325
9506	0.055644
9523	0.023254
9661	0.040717
9734	0.032132
9755	0.028997
9803	0.025961
9809	0.033175
9837	0.041064
9916	0.060752
9941	0.043488
9967	0.023060
9969	0.043488
10055	0.028646
10056	0.025578
10129	0.014827
10185	0.056845
10211	0.094790
10271	0.054073
10293	0.030334
10307	0.084430
10344	0.162220
10464	0.028820
10471	0.023598
10609	0.311541
10611	0.092520
10688	0.080265
10718	0.018714
10800	0.235539
10806	0.027666
10832	0.051086
10841	0.014951
10847	0.020532
10862	0.014309
11058	0.067430
11116	0.057653
11134	0.067430
11227	0.076193
11413	0.025961
11564	0.051923
11629	0.010454
11759	0.038567
11890	0.033742
12054	0.031888
12223	0.018119
12474	0.050167
12487	0.029177
12520	0.024972
12626	0.025229
12659	0.155770
12922	0.034987
12970	0.012221
12984	0.032132
13000	0.033742
13071	0.041338
13158	0.034344
13160	0.034038
13175	0.018837
13244	0.045190
13284	0.013071
13343	0.012443
13368	0.047395
13454	0.054356
13456	0.117182
13469	0.020606
13532	0.022869
13552	0.044997
13571	0.023863
13595	0.036039
13598	0.007689
13674	0.031227
13690	0.036470
13701	0.024075
13712	0.038567
