470
t_index	tf-idf
18	0.033989
87	0.010903
105	0.011396
124	0.009595
176	0.035937
185	0.048831
195	0.014502
211	0.013246
212	0.035937
217	0.008554
229	0.022031
243	0.009565
273	0.013836
282	0.035937
304	0.107810
309	0.431241
359	0.049516
383	0.013976
389	0.030295
401	0.034319
413	0.028818
416	0.025324
437	0.022044
438	0.005991
458	0.009215
479	0.019408
503	0.025788
526	0.016058
569	0.022385
575	0.021095
578	0.014270
616	0.029656
622	0.084290
623	0.066021
638	0.035937
730	0.008834
780	0.026187
782	0.011708
784	0.014581
786	0.024113
801	0.018140
816	0.007483
823	0.028818
905	0.035937
906	0.071874
999	0.023177
1055	0.026736
1057	0.012088
1058	0.011597
1085	0.010039
1099	0.021388
1104	0.054911
1197	0.015454
1203	0.390141
1341	0.037414
1373	0.015550
1383	0.017258
1405	0.022385
1416	0.021388
1463	0.026736
1487	0.035937
1494	0.011103
1499	0.017395
1523	0.028846
1565	0.028785
1566	0.026736
1626	0.012831
1688	0.005669
1703	0.030295
1726	0.032378
1762	0.013185
1793	0.041108
1872	0.010562
1880	0.019618
1995	0.028390
2069	0.017258
2070	0.008311
2077	0.014828
2119	0.030295
2159	0.018140
2175	0.028818
2240	0.013680
2265	0.020554
2276	0.020554
2278	0.014609
2305	0.011662
2313	0.027398
2405	0.014423
2424	0.021095
2426	0.041635
2448	0.073888
2504	0.020817
2560	0.004921
2580	0.005044
2599	0.028818
2708	0.028818
2720	0.035937
2864	0.004498
2907	0.013372
2912	0.013500
2941	0.027672
2944	0.039673
2951	0.010106
2990	0.035937
3053	0.036607
3071	0.024113
3074	0.008080
3106	0.035937
3141	0.008940
3182	0.013767
3188	0.017982
3224	0.025945
3233	0.013836
3242	0.035937
3328	0.071874
3347	0.017395
3351	0.021700
3365	0.071874
3380	0.035937
3382	0.030295
3383	0.017680
3431	0.042777
3439	0.071874
3445	0.014828
3446	0.021700
3497	0.006984
3502	0.047248
3545	0.019013
3551	0.011062
3552	0.016995
3561	0.018826
3574	0.016277
3590	0.017395
3598	0.009131
3676	0.015359
3685	0.023055
3716	0.022385
3726	0.007228
3742	0.015849
3850	0.015953
3852	0.029324
3937	0.019013
3975	0.016277
3980	0.017680
3992	0.025259
4010	0.023177
4013	0.020303
4053	0.011572
4063	0.050518
4076	0.025221
4111	0.027398
4124	0.034450
4203	0.013699
4217	0.016995
4247	0.004764
4269	0.009215
4406	0.032378
4419	0.008967
4438	0.025215
4455	0.021700
4462	0.015848
4546	0.018826
4547	0.021095
4684	0.032378
4746	0.071874
4763	0.021095
4813	0.017536
4890	0.032378
4954	0.032378
4968	0.026820
4986	0.013435
4999	0.020065
5042	0.024642
5049	0.080209
5095	0.020065
5108	0.020279
5142	0.012341
5170	0.075777
5215	0.008629
5226	0.035937
5253	0.015267
5279	0.006430
5283	0.035937
5315	0.040851
5328	0.021346
5372	0.060591
5381	0.018472
5404	0.010525
5411	0.020065
5413	0.032378
5419	0.038289
5454	0.008148
5485	0.007324
5491	0.013539
5787	0.006770
5801	0.035937
5817	0.016167
5857	0.016277
5869	0.028818
5903	0.025548
5955	0.008288
5972	0.032378
6031	0.071730
6164	0.027672
6170	0.071874
6172	0.020554
6243	0.014662
6246	0.024654
6328	0.035937
6329	0.021806
6362	0.028818
6378	0.004788
6419	0.015293
6422	0.041956
6444	0.032378
6519	0.390141
6577	0.023324
6599	0.008913
6646	0.006648
6650	0.025945
6653	0.014999
6656	0.025513
6658	0.017721
6670	0.007688
6706	0.012662
6713	0.011572
6720	0.012607
6731	0.018646
6741	0.016390
6760	0.017703
6784	0.013246
6796	0.012446
6813	0.033436
6899	0.014744
6901	0.010864
6915	0.031905
6991	0.027078
6998	0.107810
7033	0.011483
7036	0.042777
7074	0.008679
7092	0.005931
7162	0.025945
7193	0.035937
7210	0.013699
7258	0.012341
7263	0.014195
7265	0.032378
7266	0.024113
7300	0.008860
7309	0.016623
7341	0.013435
7411	0.032378
7412	0.055345
7432	0.021964
7453	0.017934
7665	0.044771
7670	0.016390
7675	0.014581
7678	0.023624
7689	0.017258
7690	0.034790
7716	0.030256
7719	0.019836
7720	0.064755
7730	0.035937
7731	0.051889
7734	0.035937
7778	0.015087
7794	0.021388
7826	0.019625
7839	0.018826
7884	0.009300
7887	0.014423
7889	0.011572
7983	0.035937
8060	0.016505
8082	0.013565
8088	0.035937
8181	0.023177
8191	0.011708
8192	0.013767
8208	0.033066
8209	0.005655
8210	0.004067
8214	0.014744
8272	0.011062
8280	0.015877
8287	0.035937
8299	0.011802
8313	0.009844
8340	0.010903
8365	0.158219
8422	0.037664
8468	0.018646
8528	0.019618
8543	0.030295
8597	0.023382
8625	0.010562
8646	0.032378
8656	0.025259
8658	0.025945
8674	0.011708
8706	0.033247
8714	0.004203
8749	0.024113
8847	0.053472
8864	0.033341
8927	0.009186
8938	0.008431
8976	0.016058
8984	0.009535
8988	0.030295
8989	0.107810
8998	0.019408
9002	0.007880
9045	0.020817
9050	0.006269
9158	0.011483
9174	0.028818
9198	0.014662
9200	0.018140
9227	0.038413
9262	0.018472
9266	0.013005
9274	0.032378
9279	0.018472
9306	0.011103
9333	0.020554
9349	0.030295
9369	0.019207
9384	0.008407
9385	0.028818
9478	0.035937
9505	0.035937
9528	0.015454
9580	0.019313
9581	0.028818
9626	0.031359
9689	0.014999
9695	0.017536
9717	0.010106
9770	0.012349
9783	0.086799
9796	0.035937
9821	0.015475
9834	0.018646
9867	0.009416
9879	0.030295
9909	0.007902
9936	0.017258
9983	0.008730
10013	0.022766
10015	0.035937
10024	0.044483
10045	0.014048
10053	0.025945
10073	0.014999
10097	0.024113
10112	0.028818
10129	0.025945
10160	0.008834
10166	0.033341
10226	0.027672
10234	0.018865
10237	0.007667
10259	0.032378
10289	0.057637
10323	0.018646
10326	0.022385
10334	0.115992
10346	0.003149
10387	0.030907
10469	0.009812
10482	0.013309
10492	0.006414
10497	0.025436
10499	0.010711
10652	0.037652
10671	0.017125
10797	0.032378
10852	0.011981
10878	0.013435
10977	0.017058
10989	0.035071
11087	0.022385
11089	0.011617
11096	0.012607
11128	0.014346
11129	0.020817
11153	0.034060
11158	0.011754
11242	0.020065
11311	0.003352
11334	0.010276
11337	0.035937
11365	0.010749
11395	0.005571
11431	0.028692
11465	0.018774
11478	0.035937
11485	0.022385
11488	0.019618
11511	0.024654
11514	0.017258
11584	0.010982
11596	0.019836
11653	0.021388
11662	0.031467
11733	0.026736
11764	0.011022
11864	0.009565
11867	0.011894
11902	0.011754
11920	0.012188
11921	0.017308
11980	0.025841
11988	0.009656
11990	0.008080
12028	0.012894
12037	0.030295
12075	0.012446
12092	0.004267
12128	0.012239
12201	0.032780
12207	0.012341
12219	0.016167
12220	0.013976
12222	0.016390
12245	0.016390
12284	0.006253
12326	0.014662
12392	0.003361
12421	0.026736
12422	0.035937
12477	0.026736
12481	0.024654
12598	0.005502
12600	0.014502
12731	0.006110
12745	0.006513
12788	0.028818
12810	0.019836
12871	0.026736
12895	0.029656
12910	0.320926
12943	0.010039
12944	0.053472
13011	0.010471
13015	0.071874
13041	0.041929
13051	0.020898
13052	0.008967
13067	0.026736
13081	0.027672
13097	0.011662
13110	0.006631
13155	0.025077
13207	0.012662
13246	0.011185
13268	0.025945
13282	0.032378
13314	0.029656
13315	0.011990
13322	0.024113
13346	0.007709
13434	0.012482
13441	0.054559
13442	0.044088
13450	0.009718
