556
t_index	tf-idf
130	0.032892
350	0.029130
357	0.031400
358	0.027038
361	0.014511
372	0.020001
387	0.016417
389	0.016783
393	0.037564
400	0.018017
417	0.032105
446	0.031400
476	0.018884
482	0.019532
576	0.042104
640	0.017012
641	0.031400
677	0.025391
684	0.011113
693	0.016489
703	0.031400
717	0.015602
782	0.075556
798	0.012696
845	0.030763
848	0.064209
850	0.016417
867	0.016346
868	0.011504
872	0.031400
881	0.028257
956	0.055790
967	0.011712
972	0.046797
1010	0.011504
1011	0.030763
1024	0.017839
1029	0.022473
1066	0.031400
1129	0.012615
1158	0.022427
1208	0.025273
1238	0.018582
1290	0.064940
1332	0.034816
1335	0.037753
1339	0.015069
1349	0.013772
1355	0.039743
1356	0.023835
1373	0.192041
1377	0.017676
1381	0.023835
1407	0.140390
1461	0.017839
1598	0.011782
1619	0.009744
1659	0.022473
1663	0.042162
1665	0.118583
1668	0.031400
1717	0.037527
1769	0.014458
1789	0.020773
1841	0.024990
1845	0.033785
1901	0.016708
1930	0.023835
1962	0.007383
1983	0.039219
2007	0.019532
2016	0.038708
2113	0.027108
2134	0.017249
2148	0.041261
2162	0.019881
2194	0.027130
2211	0.011607
2266	0.011504
2297	0.027470
2325	0.021647
2345	0.021646
2383	0.035454
2432	0.024281
2448	0.042162
2518	0.051036
2524	0.046434
2549	0.009512
2566	0.032834
2640	0.013850
2706	0.029646
2716	0.078386
2739	0.010434
2752	0.032892
2755	0.029150
2785	0.046797
2833	0.013772
2837	0.021647
2852	0.026275
2862	0.019200
2910	0.020911
2911	0.036035
2917	0.026765
2937	0.017665
2943	0.020124
2947	0.029458
2964	0.015741
2997	0.030763
3084	0.015806
3121	0.017573
3141	0.012696
3148	0.032277
3162	0.021052
3163	0.029150
3176	0.031612
3206	0.013612
3208	0.078901
3260	0.018200
3261	0.047129
3267	0.016858
3272	0.016346
3280	0.059291
3301	0.021196
3333	0.010522
3364	0.028689
3402	0.014353
3408	0.031102
3409	0.017169
3410	0.079317
3445	0.017927
3512	0.031400
3605	0.049466
3630	0.015427
3636	0.055693
3638	0.032105
3769	0.027285
3801	0.012073
3802	0.011782
3823	0.022130
3838	0.017249
3839	0.018108
3841	0.046797
3895	0.019419
3910	0.087021
3913	0.017496
3946	0.020001
3984	0.033785
3985	0.036035
3998	0.028689
4000	0.047058
4008	0.027470
4052	0.033785
4087	0.043294
4113	0.018017
4138	0.032892
4143	0.020638
4144	0.020376
4154	0.033666
4162	0.016561
4197	0.049517
4225	0.026765
4235	0.023636
4262	0.018017
4326	0.030138
4340	0.018582
4349	0.010948
4355	0.012148
4383	0.023622
4411	0.027700
4415	0.029150
4416	0.044690
4424	0.022473
4464	0.020773
4476	0.053516
4480	0.022130
4487	0.045743
4491	0.019093
4492	0.032749
4520	0.018611
4654	0.010854
4678	0.014692
4690	0.046706
4709	0.032834
4710	0.021804
4712	0.047183
4732	0.021343
4734	0.010319
4827	0.017496
4871	0.020376
4892	0.016858
4934	0.028257
4988	0.032012
5026	0.018095
5054	0.030763
5080	0.021929
5103	0.033906
5129	0.038421
5186	0.016207
5311	0.060091
5326	0.023417
5343	0.015489
5429	0.034816
5484	0.011236
5507	0.017090
5508	0.034499
5541	0.025473
5577	0.046797
5584	0.039897
5591	0.036035
5607	0.022652
5648	0.016346
5671	0.013706
5686	0.016620
5750	0.028613
5755	0.017631
5871	0.014784
5938	0.025011
5961	0.013116
5962	0.073546
5963	0.024515
5967	0.042162
5970	0.014565
6003	0.042162
6005	0.097289
6033	0.025011
6049	0.017631
6057	0.039451
6069	0.025011
6167	0.016634
6181	0.017927
6199	0.020773
6219	0.021585
6237	0.034816
6302	0.028257
6328	0.080296
6452	0.015871
6470	0.014954
6514	0.025546
6650	0.060276
6653	0.055704
6686	0.049786
6720	0.189468
6728	0.284504
6784	0.046797
6844	0.030372
6856	0.010403
6887	0.074484
6897	0.018200
6911	0.012110
6913	0.043287
6943	0.018782
6949	0.030181
6973	0.016489
6983	0.017927
7013	0.014147
7018	0.017412
7027	0.023053
7061	0.027852
7090	0.026128
7115	0.075033
7118	0.010916
7150	0.030763
7164	0.013292
7165	0.028294
7195	0.027852
7255	0.017631
7256	0.021804
7297	0.029907
7308	0.011436
7311	0.028613
7337	0.067812
7347	0.024759
7353	0.007723
7358	0.049517
7451	0.022473
7474	0.017839
7489	0.018823
7522	0.080353
7546	0.024832
7580	0.022652
7605	0.034991
7671	0.012338
7700	0.018190
7719	0.379255
7745	0.037248
7798	0.060003
7812	0.039451
7835	0.024281
7836	0.025546
7837	0.033785
7853	0.015366
7863	0.011139
7864	0.029646
7865	0.061465
7878	0.046797
7890	0.046797
7916	0.013850
7972	0.026496
7979	0.049249
8001	0.032105
8042	0.014619
8090	0.012778
8117	0.016000
8118	0.057378
8121	0.084208
8165	0.055212
8174	0.019093
8184	0.062800
8202	0.027224
8206	0.040302
8227	0.010290
8259	0.011504
8297	0.022300
8311	0.021493
8338	0.073939
8361	0.017412
8365	0.037527
8399	0.027038
8430	0.042162
8464	0.005295
8496	0.017665
8528	0.014405
8537	0.016540
8556	0.015368
8566	0.009412
8576	0.043608
8577	0.059269
8585	0.022300
8598	0.042594
8620	0.027852
8642	0.030181
8677	0.026439
8849	0.098229
8856	0.010149
8858	0.023708
8859	0.030763
8860	0.019419
8884	0.027507
8933	0.015246
8972	0.060203
8975	0.031400
9088	0.025546
9122	0.010854
9185	0.023925
9196	0.010979
9199	0.049252
9202	0.031390
9235	0.016417
9257	0.045917
9260	0.018485
9299	0.027108
9303	0.040817
9342	0.020001
9344	0.046797
9377	0.032487
9380	0.010731
9422	0.036035
9432	0.038186
9436	0.016071
9441	0.048010
9469	0.025011
9478	0.015806
9512	0.016935
9515	0.014249
9519	0.028689
9523	0.016139
9525	0.024054
9544	0.024759
9586	0.011890
9631	0.010948
9649	0.038400
9683	0.046797
9766	0.019093
9794	0.032105
9800	0.019646
9803	0.036034
9805	0.054939
9806	0.023622
9811	0.016003
9847	0.021052
9853	0.027108
9857	0.067570
9864	0.031400
9890	0.024759
9926	0.015186
9934	0.018988
9935	0.026320
9962	0.019309
9964	0.042162
9989	0.008040
10030	0.024515
10040	0.006717
10042	0.018388
10056	0.035502
10062	0.026439
10075	0.069070
10096	0.019762
10100	0.013473
10101	0.024281
10108	0.027852
10129	0.010290
10136	0.023217
10138	0.029646
10204	0.011369
10257	0.019309
10397	0.046015
10403	0.021708
10422	0.028706
10423	0.026146
10471	0.010918
10523	0.040752
10553	0.037527
10579	0.016139
10581	0.036909
10607	0.016634
10675	0.028257
10690	0.018988
10698	0.037527
10718	0.025975
10730	0.023423
10732	0.016561
10734	0.013947
10736	0.014097
10788	0.018388
10791	0.014458
10794	0.020249
10806	0.019200
10810	0.207734
10812	0.119084
10813	0.036400
10835	0.011269
10836	0.025546
10840	0.022300
10841	0.020752
10862	0.019860
10925	0.046797
10982	0.020249
11011	0.023636
11072	0.032892
11088	0.007801
11194	0.057832
11320	0.015246
11321	0.020638
11332	0.016417
11333	0.036035
11349	0.020638
11359	0.014619
11395	0.020001
11492	0.021647
11499	0.018681
11522	0.014565
11538	0.012861
11545	0.048021
11559	0.014729
11562	0.027470
11568	0.013382
11574	0.024759
11610	0.093593
11629	0.014510
11665	0.017580
11666	0.042392
11698	0.012223
11714	0.017090
11728	0.016561
11732	0.057378
11747	0.044947
11797	0.023622
11798	0.018388
11799	0.022300
11814	0.016417
11859	0.009337
11868	0.015677
11890	0.046833
11968	0.069322
11994	0.007820
12047	0.021647
12064	0.029681
12093	0.012455
12096	0.015489
12110	0.035502
12179	0.042162
12188	0.053516
12215	0.044867
12223	0.062872
12225	0.094697
12254	0.013997
12255	0.031228
12256	0.026060
12260	0.031482
12287	0.018388
12327	0.011113
12358	0.049860
12362	0.015937
12371	0.009191
12397	0.010854
12401	0.012574
12427	0.045303
12441	0.032141
12479	0.021343
12518	0.040714
12520	0.017330
12528	0.046797
12532	0.046797
12547	0.056044
12553	0.018988
12573	0.026439
12589	0.036035
12606	0.024221
12616	0.019532
12680	0.045303
12682	0.033785
12748	0.029150
12757	0.020001
12758	0.046797
12827	0.019532
12831	0.042992
12941	0.021493
12970	0.016963
13004	0.036035
13080	0.101631
13115	0.041261
13141	0.037527
13197	0.046797
13208	0.064554
13222	0.011999
13244	0.016363
13284	0.054427
13285	0.035029
13304	0.015427
13320	0.044042
13343	0.034541
13373	0.028590
13388	0.030956
13418	0.014511
13419	0.030022
13437	0.039451
13442	0.016489
13454	0.025149
13469	0.014301
13503	0.021647
13532	0.031742
13545	0.036035
13552	0.015614
13555	0.021647
13567	0.093593
13573	0.008289
13583	0.040156
13587	0.020376
13598	0.042688
13625	0.020773
13674	0.027089
13689	0.037363
13716	0.027852
13723	0.053781
13724	0.085804
13730	0.046797
