222
t_index	tf-idf
358	0.077512
386	0.020063
389	0.024056
403	0.035820
463	0.205613
466	0.151911
568	0.134157
606	0.120870
631	0.026088
632	0.074052
646	0.040412
684	0.007965
717	0.033545
737	0.034399
803	0.027368
804	0.027342
825	0.056549
895	0.221417
898	0.052444
925	0.017095
1010	0.016489
1026	0.021435
1029	0.032213
1060	0.073318
1096	0.111738
1349	0.029611
1377	0.063343
1480	0.242742
1530	0.022113
1592	0.021435
1619	0.041902
1623	0.198290
1649	0.029025
1758	0.036618
1799	0.161532
1924	0.051653
1976	0.029419
2066	0.017200
2077	0.017967
2266	0.016489
2333	0.038857
2338	0.060435
2383	0.016940
2428	0.042242
2511	0.038203
2549	0.013635
2561	0.049683
2640	0.019852
2647	0.180036
2676	0.026922
2700	0.040703
3022	0.113693
3142	0.029025
3181	0.023036
3308	0.046019
3309	0.075234
3333	0.015082
3337	0.024056
3446	0.031722
3700	0.029974
3721	0.058786
3769	0.026073
3801	0.017306
3878	0.034165
3895	0.027835
3946	0.028669
3973	0.048428
4013	0.030808
4124	0.029777
4154	0.024129
4222	0.031485
4235	0.016940
4254	0.015296
4255	0.056549
4424	0.032213
4477	0.041784
4490	0.031722
4517	0.033861
4533	0.120870
4678	0.010530
5067	0.038857
5102	0.025825
5238	0.033374
5311	0.010767
5343	0.022202
5410	0.069107
5541	0.018257
5548	0.024006
5584	0.023828
5592	0.029025
5686	0.011912
5712	0.028160
5755	0.088451
5928	0.034165
5930	0.093323
6149	0.039375
6184	0.041123
6256	0.078631
6295	0.053556
6356	0.028669
6364	0.049905
6621	0.026358
6645	0.008937
6689	0.039157
6786	0.242742
6856	0.007456
6887	0.021353
6932	0.021353
7051	0.049451
7080	0.031205
7098	0.029777
7337	0.113403
7361	0.041123
7546	0.017797
7564	0.016538
7605	0.025078
7697	0.032213
7745	0.017797
7746	0.033002
7796	0.018989
7841	0.036618
7863	0.015966
7885	0.013744
7961	0.015783
8125	0.029974
8147	0.034718
8199	0.055354
8202	0.019511
8297	0.031964
8448	0.021853
8464	0.030362
8519	0.046019
8537	0.017781
8571	0.018375
8598	0.040703
8607	0.021600
8623	0.024611
8989	0.028497
9066	0.036227
9122	0.015558
9128	0.028546
9137	0.034804
9196	0.031475
9334	0.038857
9365	0.020573
9396	0.035489
9407	0.021435
9477	0.038365
9506	0.027677
9523	0.046266
9525	0.068958
9584	0.026922
9586	0.017043
9631	0.015692
9837	0.061274
9866	0.044095
9920	0.021033
9926	0.021768
9972	0.018863
10403	0.015558
10453	0.134157
10464	0.200686
10471	0.058688
10474	0.014312
10568	0.016787
10569	0.120282
10581	0.011757
10685	0.019511
10704	0.018315
10730	0.016787
10736	0.020206
10826	0.032213
10847	0.020425
10862	0.014234
11052	0.036227
11054	0.020206
11320	0.021853
11358	0.283620
11369	0.034804
11388	0.021192
11438	0.025570
11545	0.006258
11658	0.017576
11816	0.061496
11855	0.043261
11859	0.013384
11894	0.293677
11965	0.249525
12040	0.026778
12092	0.026088
12149	0.045499
12215	0.005359
12254	0.020063
12258	0.053791
12263	0.012034
12371	0.105393
12389	0.040504
12397	0.031116
12463	0.059166
12518	0.011672
12571	0.035851
12626	0.037646
12716	0.035489
12816	0.041123
12831	0.020542
12964	0.022809
12970	0.036472
12977	0.014669
13168	0.036227
13175	0.074955
13244	0.017591
13285	0.050211
13314	0.025444
13441	0.016248
13532	0.022750
13573	0.011881
13598	0.015297
13602	0.022939
13674	0.007766
13681	0.058193
13682	0.144013
13690	0.018140
