381
t_index	tf-idf
361	0.019886
389	0.022999
393	0.025738
646	0.019318
669	0.064129
684	0.022844
686	0.036678
716	0.019669
717	0.010690
739	0.032963
770	0.119840
782	0.034513
804	0.013070
868	0.031529
1035	0.046298
1056	0.043030
1096	0.013353
1158	0.010244
1204	0.042156
1335	0.020694
1355	0.018154
1362	0.017915
1363	0.057778
1373	0.043861
1431	0.020337
1461	0.024445
1474	0.027577
1541	0.043995
1619	0.013353
1686	0.057778
1748	0.039314
1769	0.019813
1799	0.051476
1895	0.044232
1962	0.020234
1976	0.014063
2134	0.023638
2135	0.064129
2158	0.027923
2161	0.031292
2234	0.030327
2300	0.064129
2325	0.029664
2347	0.024814
2383	0.016195
2387	0.027244
2413	0.025591
2509	0.029664
2546	0.035805
2572	0.031292
2578	0.026922
2624	0.056935
2629	0.046298
2630	0.038723
2640	0.037959
2666	0.099821
2716	0.042967
2820	0.030101
2833	0.028309
2837	0.029664
2852	0.027005
2863	0.048148
2915	0.038723
2937	0.024207
2987	0.043995
3121	0.032109
3158	0.025878
3166	0.023862
3176	0.021660
3206	0.037307
3257	0.064129
3285	0.033089
3287	0.031816
3327	0.020571
3396	0.033274
3442	0.025331
3630	0.021141
3636	0.030528
3801	0.033089
3817	0.031816
4000	0.038692
4035	0.033928
4074	0.046298
4143	0.028282
4144	0.055846
4154	0.057670
4162	0.022695
4170	0.024326
4216	0.034274
4293	0.026460
4344	0.032963
4349	0.015002
4380	0.057778
4487	0.031343
4520	0.017003
4589	0.064129
4654	0.029748
4678	0.010067
4690	0.032002
4793	0.041622
4838	0.064129
4892	0.023102
4923	0.081245
4988	0.014623
5026	0.037195
5051	0.034463
5052	0.020650
5057	0.064129
5080	0.050084
5084	0.031292
5087	0.032090
5103	0.015488
5117	0.025878
5125	0.019249
5129	0.021060
5233	0.021571
5303	0.096269
5311	0.020587
5313	0.051426
5326	0.032090
5378	0.018094
5402	0.018526
5414	0.024091
5429	0.047711
5455	0.064129
5517	0.033595
5541	0.017454
5548	0.011475
5584	0.022781
5671	0.018782
5719	0.043622
5755	0.048321
5885	0.031041
5926	0.030101
5963	0.033595
6005	0.019046
6081	0.057698
6178	0.024941
6192	0.054062
6210	0.021397
6219	0.014790
6231	0.039947
6264	0.038092
6302	0.077446
6327	0.064129
6328	0.073357
6539	0.057778
6544	0.043679
6565	0.064129
6596	0.038913
6621	0.075597
6624	0.064129
6686	0.013645
6720	0.028849
6728	0.173279
6788	0.032372
6817	0.027748
6835	0.115555
6856	0.014257
6913	0.035592
6914	0.031816
6925	0.015811
6937	0.027439
6949	0.041359
6980	0.061712
7013	0.116320
7018	0.119308
7027	0.021060
7074	0.017624
7080	0.014917
7118	0.014959
7140	0.014748
7165	0.019387
7308	0.015671
7311	0.026140
7337	0.030976
7458	0.025878
7489	0.012897
7522	0.022023
7546	0.034029
7580	0.031041
7603	0.088361
7611	0.054062
7700	0.024927
7715	0.016001
7719	0.423476
7745	0.034029
7807	0.032372
7816	0.138894
7863	0.015264
7927	0.024091
7979	0.026996
8090	0.017510
8116	0.064129
8117	0.043851
8118	0.078629
8142	0.051756
8206	0.027615
8216	0.031670
8227	0.028203
8259	0.015764
8338	0.025331
8416	0.043995
8437	0.029046
8462	0.019669
8463	0.010092
8464	0.014513
8489	0.039314
8526	0.064129
8537	0.033999
8566	0.012897
8577	0.064977
8601	0.038723
8620	0.038168
8638	0.040626
8640	0.064129
8649	0.029046
8774	0.032963
8858	0.016244
8877	0.023749
8972	0.052500
8989	0.027244
9071	0.026612
9079	0.028849
9122	0.014874
9153	0.025465
9185	0.032786
9202	0.114708
9257	0.020974
9276	0.040626
9303	0.033561
9324	0.035398
9365	0.019669
9377	0.019080
9380	0.014706
9381	0.020260
9400	0.032663
9416	0.030327
9436	0.022023
9506	0.026460
9515	0.019527
9553	0.019813
9584	0.025738
9588	0.025069
9631	0.015002
9640	0.039947
9649	0.026311
9674	0.192387
9677	0.064129
9680	0.128258
9800	0.026922
9803	0.024690
9805	0.037644
9807	0.021484
9837	0.019527
9926	0.020811
9962	0.026460
9968	0.030101
9980	0.043995
9989	0.022037
9992	0.030559
10040	0.009205
10064	0.041359
10151	0.065926
10180	0.056935
10204	0.093476
10278	0.025069
10307	0.080297
10327	0.027923
10397	0.015764
10403	0.014874
10422	0.019669
10423	0.089574
10471	0.007481
10523	0.167537
10556	0.064129
10581	0.061819
10647	0.064129
10727	0.022892
10730	0.032099
10734	0.019113
10810	0.142337
10813	0.024941
10887	0.033595
10975	0.039314
11011	0.032390
11088	0.010690
11091	0.047711
11115	0.047498
11194	0.059439
11315	0.035805
11318	0.056935
11323	0.039947
11332	0.022498
11344	0.027748
11358	0.022596
11373	0.037148
11412	0.027082
11413	0.049380
11522	0.019960
11538	0.017624
11545	0.017947
11568	0.073353
11629	0.039769
11647	0.034634
11698	0.067002
11718	0.039947
11728	0.022695
11759	0.036678
11814	0.022498
11859	0.038386
11897	0.040626
11994	0.010717
11998	0.064129
12005	0.053568
12142	0.033595
12151	0.029880
12178	0.061476
12215	0.081979
12223	0.068926
12225	0.086513
12327	0.053302
12358	0.045551
12394	0.086285
12405	0.034274
12453	0.028849
12490	0.040626
12518	0.022317
12520	0.023749
12526	0.032963
12534	0.070795
12553	0.026020
12564	0.031816
12599	0.051426
12606	0.033191
12616	0.026766
12626	0.011997
12651	0.035398
12670	0.032663
12783	0.090149
12831	0.009819
12844	0.032663
12914	0.054062
12964	0.027258
12970	0.023245
13080	0.012661
13098	0.060201
13115	0.075390
13128	0.095421
13205	0.046298
13208	0.022116
13222	0.016443
13243	0.025199
13244	0.003737
13268	0.025600
13284	0.012431
13285	0.032002
13298	0.039947
13320	0.015089
13343	0.035500
13373	0.009795
13383	0.028467
13388	0.014141
13441	0.015534
13454	0.051695
13462	0.025465
13571	0.022695
13573	0.034076
13583	0.013757
13587	0.027923
13588	0.064129
13590	0.033595
13598	0.109684
13600	0.028656
13625	0.028467
13673	0.040626
13674	0.014849
13689	0.076801
13690	0.034684
13723	0.098267
13724	0.097987
