298
t_index	tf-idf
95	0.056502
123	0.055355
251	0.057769
358	0.024326
482	0.035145
483	0.116855
489	0.041428
597	0.084207
636	0.151733
677	0.045689
684	0.009999
925	0.042920
1010	0.020700
1024	0.032099
1064	0.034167
1096	0.052601
1181	0.052453
1299	0.067527
1306	0.059187
1349	0.012391
1353	0.023446
1390	0.042889
1544	0.059187
1569	0.084207
1576	0.038952
1598	0.169611
1603	0.070988
1632	0.084207
1774	0.040760
1801	0.027011
1878	0.123009
1879	0.106690
1976	0.018465
2016	0.023217
2086	0.075867
2111	0.025456
2148	0.024748
2154	0.030895
2188	0.028918
2231	0.055355
2270	0.033262
2291	0.039525
2325	0.038952
2357	0.025733
2437	0.060793
2463	0.028096
2495	0.052453
2515	0.185921
2518	0.030612
2533	0.056502
2549	0.017116
2636	0.080878
2640	0.024922
2655	0.026908
2800	0.075867
2803	0.160035
2833	0.049563
2871	0.135053
2874	0.067593
2956	0.077903
2983	0.084207
3026	0.027326
3066	0.023602
3141	0.091379
3154	0.039740
3232	0.070988
3310	0.059187
3333	0.018933
3357	0.035351
3403	0.020948
3414	0.070988
3451	0.042136
3534	0.054308
3551	0.050847
3558	0.053345
3608	0.042507
3630	0.027760
3701	0.050117
3725	0.062648
3769	0.016366
3811	0.055300
3822	0.025921
3898	0.100312
3945	0.041777
3966	0.027760
4054	0.038675
4058	0.067527
4154	0.015145
4169	0.035560
4312	0.038405
4349	0.059097
4355	0.021859
4428	0.031482
4452	0.050117
4492	0.039286
4592	0.041089
4618	0.051623
4734	0.018568
4775	0.040760
4827	0.031482
4863	0.040760
4875	0.048779
4964	0.028210
5019	0.034356
5103	0.020337
5158	0.075867
5178	0.047015
5179	0.075867
5233	0.028325
5260	0.046480
5343	0.027871
5345	0.084207
5402	0.024326
5541	0.022918
5548	0.030136
5571	0.129684
5584	0.011965
5627	0.049429
5719	0.019093
5750	0.017162
5755	0.015862
5871	0.053206
5905	0.067527
5928	0.042889
5930	0.058576
5939	0.044551
5971	0.070988
6009	0.040760
6022	0.070988
6063	0.048779
6139	0.046434
6219	0.019420
6466	0.025186
6483	0.050847
6532	0.057769
6596	0.025548
6610	0.040126
6645	0.011219
6686	0.017917
6771	0.168546
6798	0.075867
6823	0.117704
6862	0.046434
6901	0.045968
6911	0.021792
6932	0.026805
6941	0.040760
7027	0.027654
7045	0.023446
7074	0.023142
7080	0.019587
7096	0.028797
7098	0.037380
7140	0.019365
7164	0.023918
7204	0.075867
7238	0.070988
7255	0.015862
7279	0.039822
7333	0.084207
7337	0.020337
7349	0.054308
7353	0.027793
7381	0.084207
7408	0.057769
7451	0.161756
7464	0.033437
7526	0.032420
7564	0.020761
7622	0.125332
7671	0.022202
7693	0.084207
7694	0.077199
7715	0.021011
7796	0.071515
7908	0.059187
7912	0.118373
7952	0.040439
8097	0.075867
8117	0.028790
8119	0.047575
8132	0.018775
8147	0.021792
8165	0.019870
8176	0.036211
8206	0.012087
8259	0.020700
8297	0.040126
8344	0.035145
8361	0.031332
8399	0.024326
8462	0.025827
8463	0.013252
8464	0.019057
8476	0.052453
8537	0.029762
8556	0.013827
8634	0.047015
8781	0.048162
8803	0.091936
8812	0.051623
8856	0.018263
8912	0.045477
8920	0.067527
8933	0.027433
8972	0.019696
9088	0.045968
9122	0.019531
9196	0.039512
9232	0.034167
9303	0.014689
9377	0.008351
9404	0.052453
9600	0.120796
9605	0.070988
9690	0.075867
9776	0.059187
9815	0.062648
9872	0.064517
9919	0.075867
9966	0.064517
10040	0.012087
10060	0.027220
10061	0.074760
10377	0.034549
10464	0.035990
10471	0.034381
10502	0.151525
10518	0.034549
10531	0.084207
10568	0.042148
10581	0.007379
10730	0.021074
10745	0.060793
10788	0.066177
10799	0.049497
10824	0.059187
10835	0.020278
11011	0.021266
11078	0.037881
11091	0.062648
11110	0.038405
11116	0.047998
11154	0.051623
11254	0.070988
11272	0.070988
11290	0.121587
11295	0.029163
11332	0.029541
11375	0.048162
11380	0.053345
11519	0.084207
11534	0.084207
11545	0.015711
11586	0.059187
11611	0.084207
11629	0.013055
11728	0.029800
11809	0.058828
11817	0.082179
11832	0.047015
11835	0.142778
11888	0.059600
11919	0.084207
11991	0.057769
12035	0.057769
12096	0.055742
12215	0.006728
12263	0.030213
12288	0.050117
12371	0.016538
12388	0.040760
12415	0.084207
12489	0.033262
12490	0.053345
12518	0.014652
12574	0.057769
12626	0.007877
12714	0.075867
12816	0.051623
12831	0.025787
12844	0.042889
12899	0.057769
12947	0.070988
12959	0.029800
13113	0.056650
13218	0.044113
13244	0.022083
13259	0.028918
13273	0.032749
13343	0.015538
13359	0.039822
13412	0.023217
13513	0.050847
13532	0.028559
13551	0.034744
13576	0.024663
13583	0.018064
