478
t_index	tf-idf
307	0.013269
313	0.039607
331	0.018321
350	0.024655
354	0.026036
358	0.011442
361	0.012282
370	0.020173
386	0.047385
387	0.013895
400	0.015249
418	0.051015
445	0.014599
498	0.018855
518	0.010956
522	0.019486
524	0.021083
640	0.129584
646	0.011931
666	0.018874
667	0.037824
684	0.004703
716	0.012148
717	0.006602
737	0.020311
751	0.057062
782	0.014211
804	0.008072
866	0.028594
888	0.021390
890	0.015811
895	0.016342
930	0.018064
950	0.055677
951	0.023947
967	0.009912
995	0.031761
1010	0.019473
1021	0.017698
1026	0.012656
1060	0.014430
1062	0.025807
1096	0.016494
1146	0.039607
1158	0.006327
1185	0.071368
1290	0.036642
1325	0.043724
1335	0.019172
1339	0.038261
1355	0.011212
1356	0.020173
1362	0.011064
1377	0.007480
1421	0.027790
1431	0.012560
1461	0.030196
1480	0.028666
1598	0.009972
1619	0.016494
1640	0.021168
1769	0.012237
1841	0.010575
1844	0.020955
1895	0.068295
1901	0.014141
1962	0.006249
1978	0.021390
1983	0.011064
2007	0.033062
2013	0.021390
2066	0.010156
2077	0.021217
2111	0.023947
2148	0.011640
2162	0.033652
2178	0.016928
2181	0.029063
2186	0.016928
2194	0.011481
2207	0.025091
2215	0.064864
2249	0.040346
2337	0.019993
2357	0.024207
2383	0.010002
2413	0.007903
2460	0.098250
2499	0.033389
2511	0.007519
2514	0.057189
2518	0.014398
2549	0.008051
2556	0.012192
2566	0.027790
2569	0.028408
2588	0.027172
2623	0.026576
2668	0.012903
2703	0.024672
2726	0.035879
2739	0.026493
2754	0.027839
2820	0.018591
2837	0.128247
2841	0.014879
2852	0.022238
3010	0.068982
3110	0.057189
3114	0.046499
3121	0.009915
3132	0.025091
3148	0.013659
3163	0.024672
3166	0.014737
3176	0.013377
3178	0.010443
3210	0.011138
3267	0.014268
3292	0.022114
3301	0.017939
3305	0.033389
3309	0.014808
3316	0.039300
3334	0.104773
3392	0.019327
3402	0.012148
3408	0.052647
3409	0.014531
3446	0.018730
3465	0.039607
3466	0.079214
3512	0.026576
3530	0.035684
3560	0.021168
3614	0.019172
3619	0.019021
3636	0.018855
3638	0.027172
3642	0.158428
3782	0.026036
3816	0.020955
3822	0.012192
3838	0.043798
3868	0.030196
3870	0.010063
3895	0.016436
3989	0.035684
4000	0.015931
4013	0.036382
4016	0.017467
4036	0.023609
4121	0.033389
4154	0.049864
4160	0.013215
4174	0.012060
4235	0.010002
4239	0.030499
4244	0.012608
4253	0.025091
4285	0.023573
4293	0.016342
4314	0.013109
4326	0.012754
4355	0.030844
4384	0.015098
4492	0.009239
4520	0.010501
4602	0.017582
4641	0.018191
4645	0.023916
4678	0.037304
4690	0.009883
4709	0.013895
4730	0.016726
4734	0.017467
4740	0.031761
4793	0.012853
4827	0.014808
4863	0.057515
4892	0.014268
4910	0.015326
4988	0.009031
4999	0.030499
5008	0.050625
5019	0.016160
5026	0.045945
5051	0.021285
5052	0.025507
5080	0.024746
5157	0.015896
5233	0.026645
5238	0.029559
5240	0.016342
5283	0.055822
5311	0.019072
5343	0.013109
5419	0.026576
5472	0.019993
5584	0.002814
5671	0.011600
5678	0.022114
5719	0.008981
5750	0.008072
5755	0.007461
5854	0.015024
5862	0.020173
5893	0.167032
5926	0.037181
5937	0.022114
5957	0.033389
5963	0.020749
5998	0.053152
6008	0.020173
6049	0.007461
6051	0.100364
6106	0.024281
6121	0.017939
6125	0.010780
6168	0.025091
6178	0.015404
6210	0.013215
6219	0.018268
6249	0.035684
6274	0.562152
6275	0.257349
6306	0.030808
6466	0.011846
6516	0.063523
6596	0.012017
6621	0.015563
6650	0.012754
6657	0.079214
6686	0.016855
6758	0.039607
6765	0.048562
6786	0.028666
6844	0.038559
6856	0.008805
6866	0.019647
6876	0.017355
6882	0.079214
6911	0.010250
6913	0.021982
6914	0.019650
6949	0.025544
6973	0.013955
6998	0.082201
7027	0.006504
7035	0.038343
7118	0.018478
7140	0.036433
7146	0.021862
7165	0.035920
7308	0.009679
7311	0.032289
7337	0.019131
7353	0.006536
7413	0.019819
7451	0.095103
7474	0.015098
7489	0.047794
7490	0.018874
7492	0.020358
7497	0.039607
7522	0.027203
7564	0.029296
7651	0.012282
7700	0.046185
7701	0.083516
7715	0.019765
7723	0.118821
7730	0.038653
7865	0.026011
7952	0.019021
7972	0.011212
7974	0.031761
7979	0.016673
8041	0.016627
8042	0.024746
8090	0.010814
8117	0.006771
8202	0.023041
8206	0.022740
8216	0.013040
8227	0.008709
8243	0.026576
8297	0.018874
8341	0.014951
8344	0.016531
8361	0.014737
8418	0.019327
8421	0.035684
8442	0.023916
8461	0.023916
8479	0.036642
8496	0.014951
8537	0.013999
8556	0.013007
8565	0.079214
8571	0.010850
8577	0.030098
8585	0.018874
8623	0.014531
8680	0.010378
8750	0.025544
8791	0.035879
8856	0.017180
8860	0.016436
8861	0.020173
8867	0.018591
8877	0.014668
8923	0.017939
8960	0.039607
8971	0.012282
8972	0.009264
8989	0.016826
9011	0.026576
9128	0.008427
9142	0.012017
9199	0.027790
9225	0.027172
9234	0.035397
9247	0.025091
9255	0.021390
9257	0.012954
9259	0.017371
9289	0.017467
9302	0.081516
9303	0.020728
9314	0.031761
9365	0.012148
9374	0.016342
9375	0.025091
9377	0.019640
9391	0.018454
9400	0.020173
9412	0.022943
9488	0.022943
9512	0.014333
9523	0.013659
9526	0.028594
9565	0.017698
9586	0.010063
9631	0.009266
9649	0.032500
9817	0.049343
9838	0.011521
9856	0.035684
9858	0.014599
9899	0.039607
9934	0.112493
9935	0.011138
9967	0.013545
9989	0.006805
9993	0.030499
10004	0.014879
10034	0.018191
10038	0.039607
10040	0.005685
10042	0.015563
10048	0.012513
10056	0.030048
10081	0.016826
10088	0.014078
10138	0.025091
10144	0.017355
10189	0.027839
10192	0.023573
10203	0.031761
10204	0.009622
10226	0.050178
10307	0.016531
10457	0.243988
10523	0.137964
10569	0.014204
10581	0.062477
10635	0.025544
10704	0.021629
10718	0.032976
10727	0.049484
10730	0.009912
10785	0.012373
10832	0.010002
10847	0.012060
10988	0.014017
11059	0.018591
11112	0.019172
11115	0.014668
11116	0.022576
11320	0.025807
11325	0.012803
11344	0.017138
11393	0.025908
11509	0.021621
11545	0.025864
11599	0.011846
11629	0.012281
11688	0.023249
11708	0.030499
11719	0.071368
11729	0.047146
11747	0.038041
11859	0.047416
12005	0.011028
12042	0.035684
12110	0.045072
12111	0.039607
12131	0.038862
12148	0.044227
12149	0.026865
12150	0.009538
12178	0.012656
12205	0.035684
12213	0.032319
12214	0.039300
12215	0.018987
12223	0.010642
12225	0.053432
12254	0.011846
12260	0.013323
12262	0.017939
12327	0.004703
12347	0.017467
12358	0.007033
12371	0.007779
12392	0.019650
12398	0.022377
12441	0.027203
12453	0.017818
12454	0.015404
12463	0.017467
12502	0.018874
12503	0.028594
12626	0.003705
12651	0.043724
12680	0.095858
12757	0.033856
12801	0.031761
12818	0.025544
12831	0.030322
12882	0.039607
12899	0.027172
12964	0.037036
12970	0.007178
12977	0.008661
13067	0.035684
13080	0.031279
13095	0.027839
13098	0.018591
13107	0.014141
13127	0.032684
13174	0.053152
13180	0.023573
13199	0.016627
13218	0.020749
13243	0.031126
13244	0.008078
13284	0.023032
13285	0.069178
13320	0.009319
13340	0.016726
13343	0.014617
13357	0.136555
13373	0.012099
13388	0.017467
13441	0.019187
13442	0.013955
13454	0.010642
13532	0.040298
13571	0.014017
13573	0.028061
13583	0.033986
13598	0.036129
13674	0.032098
13690	0.010711
13701	0.014141
13758	0.020749
