277
t_index	tf-idf
228	0.072956
317	0.045361
322	0.042698
384	0.031098
394	0.031098
474	0.102743
483	0.045361
621	0.071956
646	0.029539
677	0.026603
684	0.011644
687	0.072292
775	0.062122
779	0.051881
781	0.068925
850	0.034402
868	0.024106
925	0.024991
930	0.044724
956	0.029227
974	0.025299
1010	0.024106
1279	0.026434
1290	0.045361
1335	0.015822
1353	0.054608
1390	0.099891
1458	0.075511
1553	0.072292
1560	0.049945
1598	0.074069
1694	0.048245
1769	0.030297
1799	0.039357
1878	0.143249
1962	0.030941
2016	0.027037
2111	0.059290
2138	0.108256
2188	0.067352
2228	0.098062
2238	0.098062
2268	0.044724
2270	0.077469
2330	0.098062
2345	0.022680
2383	0.024764
2490	0.052960
2495	0.061084
2515	0.162384
2576	0.031823
2584	0.037380
2600	0.046374
2655	0.031335
2719	0.050405
2739	0.021864
2833	0.014429
2852	0.027529
3026	0.031823
3066	0.054970
3111	0.084338
3121	0.012275
3141	0.053207
3154	0.069417
3162	0.044114
3224	0.065798
3327	0.031455
3333	0.022048
3359	0.033962
3403	0.048790
3560	0.052410
3605	0.034552
3629	0.113610
3636	0.023341
3809	0.101760
3811	0.064399
3870	0.024915
3898	0.077878
3915	0.082668
4036	0.029227
4071	0.082668
4170	0.037197
4197	0.051881
4235	0.024764
4327	0.059213
4336	0.068925
4401	0.032457
4428	0.036662
4476	0.037380
4478	0.034552
4492	0.068624
4618	0.060117
4659	0.081856
4734	0.108114
4775	0.047466
4794	0.109501
4831	0.055403
5103	0.023683
5129	0.016102
5233	0.032985
5260	0.054128
5311	0.020987
5343	0.032457
5414	0.036838
5502	0.038138
5512	0.045690
5543	0.052410
5548	0.035094
5584	0.027868
5620	0.056805
5627	0.172687
5686	0.034827
5719	0.044470
5750	0.019986
5755	0.073889
5853	0.061084
5871	0.030980
5888	0.038138
5947	0.044114
5961	0.027485
6005	0.029124
6125	0.026689
6177	0.060117
6303	0.048651
6483	0.059213
6509	0.040009
6583	0.165337
6641	0.072956
6645	0.039194
6683	0.051372
6686	0.020865
6689	0.028622
6771	0.147208
6782	0.044416
6821	0.098062
6823	0.091381
6849	0.037016
6856	0.010900
6862	0.027037
6923	0.023206
6925	0.048355
6937	0.020979
7013	0.029645
7027	0.048306
7074	0.053899
7080	0.045619
7087	0.059213
7148	0.070796
7161	0.036838
7164	0.027854
7245	0.165337
7282	0.070796
7305	0.075511
7308	0.023964
7337	0.023683
7353	0.064733
7365	0.055403
7489	0.019722
7490	0.046729
7492	0.050405
7652	0.068925
7694	0.029967
7715	0.024468
7762	0.082668
7863	0.116704
7865	0.032200
7908	0.206775
7938	0.039788
7953	0.047466
7961	0.023073
7982	0.054128
8150	0.031577
8175	0.036146
8176	0.084338
8313	0.067275
8399	0.028329
8418	0.047850
8464	0.022193
8499	0.067275
8537	0.025994
8556	0.016102
8562	0.043247
8607	0.031577
8622	0.082668
8624	0.151021
8805	0.078637
8841	0.081385
8877	0.036316
8915	0.068925
8972	0.080280
9061	0.080922
9088	0.053532
9128	0.020865
9185	0.025067
9259	0.021504
9377	0.009725
9464	0.042970
9553	0.090890
9600	0.175839
9708	0.035486
9734	0.046729
9793	0.078637
9966	0.037566
9989	0.016849
10060	0.031699
10061	0.130591
10068	0.134703
10100	0.028232
10192	0.058363
10224	0.041168
10257	0.040461
10278	0.076668
10377	0.040233
10397	0.024106
10403	0.022744
10471	0.051478
10502	0.088229
10544	0.055403
10568	0.024541
10610	0.036662
10730	0.024541
10732	0.034703
10824	0.068925
10835	0.047228
10845	0.049069
10941	0.054751
11088	0.016347
11116	0.027947
11188	0.050405
11279	0.082668
11320	0.031947
11349	0.043247
11450	0.049069
11568	0.056084
11629	0.030406
11658	0.025694
11737	0.089447
11761	0.078637
11768	0.046729
11811	0.078637
11835	0.023753
11888	0.069407
12066	0.038138
12076	0.064463
12096	0.032457
12110	0.037197
12215	0.015670
12223	0.026349
12254	0.029330
12255	0.032719
12256	0.027304
12263	0.035184
12327	0.011644
12371	0.019259
12444	0.032073
12507	0.062122
12626	0.027518
12964	0.008336
12970	0.053318
13227	0.044724
13237	0.048245
13244	0.028573
13259	0.033676
13298	0.061084
13325	0.033676
13330	0.031823
13354	0.060117
13373	0.014978
13377	0.061084
13416	0.053532
13418	0.030408
13555	0.045361
13573	0.017369
13576	0.028721
13583	0.021037
13587	0.042698
13598	0.022363
