216
t_index	tf-idf
31	0.034440
72	0.045878
243	0.026015
266	0.097743
345	0.040102
399	0.031114
407	0.026517
437	0.029978
457	0.088062
503	0.017535
525	0.019921
569	0.060885
575	0.057375
671	0.029549
693	0.032222
730	0.024028
816	0.040705
849	0.026348
881	0.015614
969	0.042032
1053	0.082400
1072	0.014382
1078	0.027670
1459	0.067056
1600	0.070566
1652	0.040560
1743	0.051205
1752	0.082068
1753	0.033851
1838	0.056620
1862	0.053952
1863	0.097743
1886	0.041524
1958	0.046223
1993	0.044578
2133	0.054573
2318	0.046940
2389	0.046577
2479	0.052030
2488	0.091604
2533	0.053358
2560	0.013383
2632	0.067056
2667	0.032745
2701	0.082400
2726	0.176125
2750	0.055222
2803	0.050241
2827	0.099040
2838	0.179765
2863	0.055222
2970	0.078382
3024	0.097743
3026	0.025217
3041	0.126076
3050	0.036543
3051	0.068701
3065	0.046577
3085	0.097743
3182	0.037444
3370	0.043971
3409	0.031843
3476	0.072719
3650	0.064253
3742	0.043107
3781	0.097743
3835	0.214175
4082	0.025373
4158	0.072719
4247	0.012958
4264	0.051713
4350	0.097743
4462	0.021553
4534	0.088062
4625	0.043389
4755	0.056692
4809	0.061069
4986	0.073085
5041	0.102409
5094	0.059922
5215	0.023469
5243	0.045542
5324	0.042293
5334	0.097743
5340	0.072719
5402	0.235145
5491	0.018412
5496	0.064253
5607	0.030880
5608	0.063038
5787	0.018412
5861	0.026602
5882	0.091757
5937	0.059922
5955	0.022542
5992	0.019096
6091	0.097743
6100	0.041524
6135	0.088062
6175	0.085660
6329	0.029655
6330	0.064253
6372	0.049783
6378	0.013022
6379	0.055222
6384	0.088062
6412	0.075265
6419	0.020797
6506	0.070566
6528	0.059020
6600	0.081121
6625	0.045878
6644	0.025295
6746	0.059097
6807	0.026862
6813	0.022735
6829	0.033426
6832	0.056620
7091	0.051713
7232	0.164799
7262	0.037631
7309	0.045212
7622	0.020027
7716	0.020573
7760	0.085118
7799	0.038487
7879	0.118327
7946	0.055222
7954	0.032180
8037	0.046577
8082	0.036896
8101	0.036369
8209	0.046145
8236	0.247681
8272	0.030088
8280	0.034546
8308	0.019658
8460	0.052787
8618	0.036198
8714	0.011431
8904	0.056620
8927	0.049972
8938	0.114658
9002	0.021434
9170	0.114115
9513	0.056620
9522	0.068701
9525	0.121771
9559	0.088062
9595	0.032745
9603	0.072719
9738	0.057375
9785	0.036718
9820	0.097743
9821	0.042089
9849	0.033566
9936	0.046940
10032	0.056620
10166	0.022670
10180	0.061920
10344	0.033708
10346	0.017131
10366	0.088062
10430	0.088062
10450	0.028431
10501	0.029443
10565	0.034142
10592	0.075265
10597	0.024684
10612	0.059524
10775	0.024684
10816	0.052787
10876	0.047312
11087	0.060885
11215	0.048910
11311	0.009118
11325	0.030764
11334	0.027951
11340	0.051713
11348	0.051205
11388	0.057375
11395	0.015153
11452	0.072719
11520	0.046223
11627	0.019502
11653	0.058174
11662	0.028529
11805	0.055904
11932	0.136570
11980	0.031237
11990	0.021977
11993	0.060843
12008	0.172126
12028	0.017535
12084	0.078382
12092	0.011606
12105	0.083551
12124	0.017357
12133	0.082400
12160	0.098635
12210	0.031969
12229	0.086213
12284	0.017008
12392	0.082285
12513	0.072719
12598	0.044898
12745	0.017715
12822	0.044271
12900	0.097743
13011	0.002848
13036	0.039019
13254	0.078382
13277	0.116347
13314	0.040330
13315	0.032612
13434	0.022632
