293
t_index	tf-idf
73	0.039950
78	0.053104
82	0.024542
107	0.023671
108	0.027765
114	0.063528
115	0.025098
138	0.025484
143	0.071304
144	0.112280
211	0.029172
217	0.037675
218	0.058880
221	0.030021
222	0.035132
400	0.037713
438	0.039578
458	0.020293
460	0.040680
503	0.028396
519	0.021471
525	0.016130
600	0.066719
664	0.082920
700	0.054295
730	0.019455
1058	0.063848
1072	0.011645
1078	0.067214
1184	0.030168
1193	0.031426
1317	0.043203
1353	0.047103
1494	0.024451
1620	0.027293
1656	0.040309
1802	0.063595
1878	0.029037
1931	0.050137
2065	0.057137
2126	0.079142
2139	0.221074
2154	0.016613
2163	0.057137
2206	0.126931
2363	0.071206
2373	0.034679
2405	0.031764
2424	0.046457
2429	0.096045
2430	0.041460
2445	0.026513
2459	0.054295
2488	0.074172
2564	0.129610
2566	0.029731
2602	0.063528
2684	0.036609
2860	0.033225
2864	0.029719
2889	0.054587
2890	0.058880
2911	0.079142
2919	0.041733
2924	0.035365
3008	0.028511
3026	0.020418
3037	0.063465
3078	0.028383
3209	0.063465
3339	0.024362
3391	0.054295
3497	0.015381
3530	0.019926
3726	0.015917
3813	0.036609
3878	0.049299
3879	0.032471
3881	0.028468
3888	0.026406
3931	0.037427
3954	0.088375
3968	0.019987
4035	0.020544
4071	0.081360
4076	0.018514
4110	0.039950
4111	0.030168
4124	0.050579
4133	0.055627
4155	0.029588
4205	0.055771
4214	0.096701
4220	0.073218
4247	0.020983
4269	0.020293
4381	0.018356
4441	0.047878
4555	0.059177
4594	0.038308
4693	0.053026
4755	0.015301
4810	0.045845
4832	0.019114
4859	0.025991
4887	0.031764
5006	0.037148
5042	0.033396
5146	0.029731
5177	0.071304
5249	0.041460
5279	0.014162
5291	0.038937
5315	0.050605
5454	0.017945
5485	0.032260
5491	0.074542
5578	0.055627
5787	0.029817
5810	0.082580
5817	0.106809
5903	0.028131
5914	0.030780
5946	0.026406
6040	0.037427
6041	0.030780
6047	0.066719
6080	0.126931
6090	0.033826
6156	0.045845
6186	0.026841
6200	0.071014
6210	0.051042
6211	0.100273
6242	0.126931
6243	0.032290
6267	0.053104
6272	0.051042
6278	0.026952
6335	0.237427
6378	0.010544
6386	0.047103
6419	0.016840
6420	0.079142
6422	0.023100
6589	0.017594
6620	0.050386
6630	0.030780
6658	0.019513
6670	0.033863
6699	0.053104
6724	0.333593
6738	0.045845
6741	0.036095
6746	0.023925
6760	0.012995
6773	0.058880
6778	0.044072
6796	0.027409
6807	0.021750
6826	0.057137
6875	0.042298
6900	0.022480
6930	0.047789
6991	0.044725
7047	0.016130
7210	0.060337
7225	0.015917
7282	0.020998
7300	0.019513
7367	0.036609
7447	0.094206
7534	0.022405
7603	0.025987
7607	0.119851
7709	0.156832
7716	0.033316
7799	0.041551
7826	0.021609
7853	0.013529
7857	0.046457
7911	0.032290
7943	0.022720
7997	0.038910
8139	0.044713
8158	0.050137
8188	0.031594
8209	0.037364
8210	0.008956
8238	0.029875
8280	0.048951
8340	0.024011
8380	0.050137
8581	0.168789
8597	0.017165
8602	0.040309
8654	0.071304
8664	0.035846
8696	0.051042
8713	0.024542
8714	0.018512
8738	0.058880
8772	0.084597
8894	0.071304
8944	0.017695
8952	0.058880
9002	0.017355
9050	0.027612
9128	0.070639
9134	0.030470
9170	0.023100
9259	0.039602
9266	0.028640
9295	0.043642
9335	0.038618
9337	0.031764
9402	0.032471
9524	0.050137
9556	0.208103
9635	0.035603
9708	0.025683
9753	0.022256
9776	0.034033
9837	0.030021
9852	0.029037
9867	0.020737
9939	0.066719
10036	0.056263
10093	0.034460
10234	0.004616
10346	0.006936
10355	0.063187
10501	0.023840
10551	0.024724
10563	0.052026
10597	0.039973
10627	0.033588
10788	0.058880
10824	0.054295
10852	0.013193
11089	0.025583
11122	0.027886
11160	0.033826
11181	0.031764
11205	0.040339
11395	0.036809
11432	0.029731
11465	0.020672
11469	0.039602
11575	0.057137
11636	0.026513
11658	0.039602
11663	0.042742
11736	0.029309
11823	0.037427
11867	0.026195
11924	0.170967
11949	0.050579
11973	0.047789
11980	0.037939
11988	0.042531
11989	0.079142
11990	0.035589
12019	0.023671
12025	0.026621
12058	0.045845
12092	0.046986
12124	0.084323
12128	0.026952
12137	0.015543
12160	0.053243
12284	0.013771
12310	0.079142
12337	0.042298
12339	0.089427
12392	0.007403
12848	0.078127
12926	0.040309
13011	0.023061
13036	0.031594
13041	0.030780
13051	0.015341
13088	0.018621
13135	0.055627
13140	0.012088
13217	0.079142
13219	0.106329
13233	0.024185
13255	0.023020
13334	0.084024
13362	0.008775
13434	0.009163
13450	0.021402
