259
t_index	tf-idf
223	0.049116
361	0.015231
386	0.029381
387	0.017231
400	0.018910
424	0.023227
518	0.013586
677	0.013325
684	0.005832
693	0.017306
717	0.008187
737	0.012594
782	0.008811
862	0.028831
925	0.025035
951	0.014848
956	0.014639
958	0.029232
973	0.016192
1010	0.012074
1060	0.008948
1067	0.041239
1109	0.022558
1230	0.032288
1238	0.019503
1242	0.039387
1335	0.015850
1349	0.014454
1511	0.020742
1580	0.098232
1588	0.020152
1619	0.010227
1770	0.401956
1801	0.031510
1822	0.033696
1962	0.007749
2028	0.051031
2033	0.027749
2077	0.052623
2110	0.022246
2161	0.023967
2194	0.014238
2201	0.039387
2211	0.097457
2215	0.026812
2255	0.044252
2344	0.023587
2413	0.029400
2428	0.010310
2561	0.018189
2566	0.068924
2569	0.017615
2582	0.112367
2585	0.039387
2627	0.035460
2644	0.021522
2674	0.049116
2700	0.029803
2710	0.028831
2731	0.026526
2759	0.030688
2806	0.026812
2833	0.007227
2834	0.021121
2839	0.026812
2841	0.018451
2863	0.024584
2916	0.022885
2937	0.111242
3022	0.027749
3077	0.098232
3141	0.013325
3242	0.037821
3272	0.051470
3273	0.037821
3359	0.017010
3494	0.039387
3520	0.024793
3561	0.023587
3717	0.026812
3721	0.043045
3750	0.023587
3769	0.009546
3789	0.039387
3880	0.016521
3895	0.020382
3929	0.032956
4154	0.017668
4174	0.014955
4190	0.023227
4211	0.019200
4254	0.044799
4259	0.034522
4312	0.022401
4339	0.032956
4349	0.011490
4411	0.029073
4480	0.023227
4492	0.022915
4586	0.030111
4590	0.019102
4592	0.023967
4712	0.019809
4793	0.015939
4827	0.018363
4855	0.037821
4910	0.019005
4964	0.032909
5028	0.035460
5050	0.031677
5129	0.016130
5169	0.021948
5233	0.016521
5256	0.036725
5276	0.023054
5286	0.022095
5302	0.196465
5311	0.010512
5330	0.098232
5343	0.016257
5623	0.024793
5750	0.010010
5763	0.030595
5929	0.027111
6015	0.031677
6037	0.039387
6049	0.037009
6081	0.044191
6146	0.023054
6227	0.044252
6256	0.009596
6264	0.058349
6310	0.013454
6395	0.021661
6422	0.028452
6449	0.033696
6509	0.020039
6546	0.031677
6596	0.014902
6645	0.013087
6770	0.034522
6856	0.021838
6862	0.013542
6866	0.012182
6897	0.019102
6937	0.021016
6958	0.034522
6959	0.033696
6998	0.025484
7002	0.041406
7080	0.011425
7328	0.037821
7351	0.065913
7353	0.008106
7397	0.025986
7405	0.039387
7564	0.024220
7715	0.012255
7834	0.031677
7916	0.029073
8090	0.013411
8095	0.098232
8202	0.042859
8204	0.033696
8206	0.028200
8292	0.036541
8366	0.036541
8373	0.024368
8407	0.027423
8418	0.023967
8448	0.016001
8463	0.061835
8464	0.011116
8537	0.008680
8556	0.008065
8576	0.022885
8598	0.014902
8677	0.027749
8840	0.017459
8855	0.207605
8972	0.017233
8985	0.030595
8996	0.036541
9128	0.010451
9147	0.029658
9148	0.025016
9196	0.023046
9258	0.029232
9296	0.026526
9377	0.014613
9419	0.172029
9440	0.026812
9441	0.016797
9450	0.030595
9464	0.021522
9477	0.028092
9506	0.060797
9672	0.025484
9682	0.026812
9811	0.016797
9838	0.014286
9958	0.044252
9972	0.055248
9989	0.008439
10204	0.011932
10258	0.029232
10263	0.029232
10266	0.146946
10338	0.640221
10386	0.032956
10397	0.012074
10471	0.028648
10568	0.061460
10581	0.004304
10727	0.017533
10800	0.137253
10832	0.062019
10981	0.039387
11011	0.012404
11278	0.024368
11770	0.044252
11858	0.020992
11890	0.049155
11994	0.008208
11995	0.015064
12150	0.011828
12188	0.018723
12254	0.029381
12327	0.023328
12334	0.039387
12371	0.009646
12487	0.021252
12518	0.025639
12520	0.036379
12553	0.019929
12560	0.019929
12567	0.029658
12626	0.009188
12745	0.036541
12800	0.033696
12846	0.032288
12870	0.037821
12964	0.012526
13151	0.041406
13160	0.024793
13244	0.034348
13268	0.019607
13284	0.009521
13288	0.039387
13357	0.037631
13361	0.022095
13388	0.021660
13454	0.026395
13469	0.030019
13492	0.014286
13573	0.008700
13598	0.005600
13674	0.062550
13701	0.035072
