532
t_index	tf-idf
71	0.014203
105	0.014471
107	0.013648
108	0.032017
117	0.032074
122	0.055546
137	0.031306
138	0.014694
156	0.018315
168	0.028908
180	0.032944
208	0.022450
217	0.010861
243	0.024291
273	0.017569
394	0.013746
401	0.043578
408	0.010837
437	0.013996
438	0.060854
458	0.035102
493	0.027975
525	0.009300
537	0.045632
572	0.016009
594	0.032074
646	0.011629
693	0.015043
694	0.011773
728	0.027975
730	0.033652
738	0.053572
780	0.008313
786	0.030619
823	0.036593
832	0.045632
835	0.036593
841	0.019046
849	0.012301
881	0.007290
904	0.028425
932	0.023677
940	0.017747
973	0.024910
1002	0.012301
1051	0.017142
1057	0.015350
1058	0.007363
1062	0.014694
1072	0.047002
1076	0.012706
1078	0.012918
1100	0.008618
1159	0.066264
1177	0.036593
1184	0.017395
1193	0.036240
1215	0.041113
1234	0.057811
1237	0.041113
1276	0.050461
1288	0.032074
1482	0.018618
1494	0.014098
1523	0.018315
1535	0.070277
1565	0.024368
1620	0.487846
1626	0.032584
1652	0.018936
1656	0.069725
1688	0.007199
1709	0.038243
1743	0.143432
1762	0.016742
1810	0.041056
1866	0.067899
1882	0.059607
1905	0.016742
1921	0.023242
1931	0.057816
1958	0.043159
1960	0.041113
1963	0.022639
1973	0.069725
1991	0.011217
2029	0.028425
2050	0.021108
2072	0.088286
2077	0.037656
2109	0.023048
2139	0.154783
2220	0.049289
2238	0.021108
2243	0.032944
2253	0.022639
2283	0.024644
2293	0.021914
2301	0.022267
2305	0.014808
2319	0.070277
2355	0.026099
2373	0.019996
2384	0.014582
2389	0.021745
2397	0.029733
2398	0.021745
2463	0.041917
2465	0.033949
2479	0.012145
2488	0.042766
2490	0.024142
2528	0.027554
2560	0.012496
2566	0.017142
2580	0.012810
2588	0.059995
2591	0.045681
2638	0.020391
2693	0.015350
2754	0.029617
2821	0.029997
2854	0.019623
2864	0.022848
2889	0.015737
2919	0.024063
2922	0.031342
2924	0.020391
2937	0.021262
2947	0.039819
2950	0.014362
2951	0.025665
3002	0.022978
3008	0.016439
3026	0.011773
3057	0.022639
3075	0.024142
3131	0.022267
3146	0.015164
3179	0.018025
3274	0.045668
3339	0.028094
3388	0.020125
3434	0.024910
3440	0.038469
3449	0.045632
3450	0.045632
3458	0.021419
3508	0.041113
3530	0.011489
3546	0.022639
3567	0.035315
3590	0.044176
3596	0.034789
3598	0.011594
3608	0.030699
3622	0.038469
3638	0.033949
3641	0.093342
3644	0.017060
3690	0.052198
3705	0.041056
3716	0.028425
3726	0.018355
3771	0.022639
3774	0.018515
3786	0.032944
3806	0.038469
3808	0.026099
3859	0.032944
3881	0.008207
3950	0.053515
4021	0.018828
4026	0.027975
4071	0.023455
4076	0.010675
4088	0.027554
4111	0.086973
4138	0.013505
4143	0.014526
4214	0.022303
4244	0.023035
4247	0.066543
4269	0.023401
4290	0.033949
4329	0.020256
4381	0.010584
4407	0.007163
4414	0.032074
4441	0.036807
4462	0.010062
4486	0.041113
4496	0.035138
4563	0.034619
4639	0.017657
4685	0.016439
4693	0.015287
4737	0.043745
4795	0.045632
4802	0.036593
4832	0.011021
4838	0.025478
4847	0.073656
4859	0.014986
4867	0.034451
4871	0.033949
4916	0.015804
4917	0.023677
4929	0.023035
5001	0.059995
5041	0.023905
5064	0.045632
5083	0.045632
5108	0.077251
5123	0.038469
5142	0.015671
5242	0.031306
5269	0.035138
5296	0.045632
5315	0.106987
5328	0.013553
5358	0.038091
5371	0.030619
5380	0.032074
5381	0.023455
5382	0.031879
5419	0.008103
5447	0.019157
5454	0.010347
5485	0.018600
5491	0.103151
5599	0.032944
5607	0.014416
5712	0.041113
5718	0.025781
5740	0.013553
5743	0.023242
5771	0.317051
5787	0.017192
5789	0.086724
5817	0.020528
5900	0.014203
5946	0.015225
6035	0.025188
6046	0.050000
6145	0.041113
6200	0.040945
6218	0.021262
6278	0.062161
6338	0.050956
6523	0.041113
6550	0.019745
6577	0.014808
6589	0.030434
6590	0.045632
6599	0.022636
6612	0.073186
6644	0.011809
6646	0.025326
6647	0.022639
6656	0.010799
6665	0.014526
6670	0.048813
6683	0.029997
6760	0.014986
6768	0.022088
6769	0.030619
6772	0.032944
6813	0.021228
6898	0.065889
6955	0.038469
6991	0.017192
7047	0.009300
7065	0.035138
7077	0.016439
7188	0.021914
7263	0.018025
7273	0.057816
7282	0.012107
7300	0.033752
7307	0.019157
7329	0.028908
7339	0.020958
7374	0.041113
7432	0.013945
7471	0.020668
7491	0.043490
7496	0.016149
7535	0.019869
7594	0.029430
7629	0.076938
7643	0.035138
7653	0.013505
7727	0.038469
7779	0.014098
7799	0.005989
7841	0.031306
7853	0.062406
7856	0.026099
7884	0.011809
7902	0.010768
7912	0.016820
7943	0.065499
7951	0.022639
7959	0.019157
7965	0.010034
8044	0.027159
8060	0.020958
8075	0.028908
8110	0.021914
8158	0.086724
8184	0.026434
8208	0.027991
8209	0.064630
8210	0.005164
8272	0.014047
8280	0.036289
8299	0.029972
8308	0.009177
8317	0.046911
8318	0.021262
8340	0.069223
8398	0.031306
8413	0.027554
8481	0.082226
8499	0.032944
8506	0.036593
8514	0.041113
8566	0.077343
8581	0.048661
8582	0.018936
8587	0.020391
8599	0.011559
8608	0.021419
8650	0.033949
8709	0.048285
8714	0.010674
8729	0.023905
8781	0.033949
8870	0.009709
8879	0.023677
8895	0.036240
8927	0.023330
8938	0.010706
8944	0.010203
8957	0.045632
8977	0.016009
9000	0.014925
9049	0.031306
9050	0.015921
9072	0.026099
9099	0.027159
9116	0.013996
9125	0.018828
9128	0.090509
9131	0.020929
9163	0.026434
9166	0.027975
9178	0.031306
9224	0.019996
9234	0.077063
9269	0.041684
9273	0.027975
9295	0.037745
9335	0.044533
9339	0.011594
9384	0.010675
9399	0.038469
9458	0.017747
9477	0.045632
9479	0.041113
9482	0.016513
9489	0.014098
9566	0.046483
9633	0.035138
9646	0.016820
9650	0.013895
9697	0.041337
9730	0.082226
9818	0.026099
9829	0.043249
9836	0.019386
9867	0.023913
9878	0.036593
9936	0.021914
9983	0.011086
10008	0.038469
10060	0.020528
10066	0.020391
10095	0.045632
10120	0.015737
10123	0.018515
10166	0.010584
10234	0.021293
10264	0.032074
10333	0.034261
10346	0.007998
10355	0.018216
10360	0.073186
10375	0.017060
10387	0.019623
10455	0.037030
10469	0.012460
10483	0.012664
10492	0.024434
10495	0.011420
10497	0.016149
10499	0.027201
10549	0.019046
10551	0.028511
10566	0.025478
10591	0.021914
10597	0.023048
10600	0.021977
10606	0.030354
10610	0.022834
10634	0.032074
10671	0.043490
10686	0.045632
10744	0.020668
10767	0.020528
10818	0.027492
10852	0.030427
10860	0.020125
10879	0.016899
10924	0.036593
10966	0.021914
11027	0.029997
11040	0.022834
11061	0.036593
11089	0.059004
11148	0.031306
11153	0.014416
11158	0.014925
11160	0.019503
11164	0.065889
11189	0.026786
11254	0.019503
11268	0.020256
11274	0.024910
11287	0.014203
11311	0.012771
11321	0.015350
11365	0.068242
11395	0.014149
11422	0.036629
11467	0.024142
11485	0.028425
11490	0.032944
11535	0.032944
11537	0.021745
11567	0.021745
11605	0.011053
11627	0.018210
11632	0.061585
11636	0.015287
11713	0.038469
11714	0.023677
11736	0.016899
11763	0.022878
11823	0.043159
11835	0.017747
11902	0.014925
11932	0.015940
11958	0.032944
11964	0.041113
11980	0.003646
12019	0.013648
12021	0.050823
12028	0.016373
12051	0.033949
12060	0.038469
12076	0.033949
12092	0.005418
12108	0.023677
12137	0.008962
12164	0.021168
12205	0.041113
12216	0.028908
12222	0.041624
12243	0.024142
12284	0.015880
12372	0.011809
12389	0.033949
12392	0.012805
12407	0.045632
12519	0.028425
12598	0.013974
12599	0.025188
12625	0.024142
12707	0.023455
12745	0.016541
12875	0.016292
12883	0.013411
12929	0.041113
12946	0.045632
12990	0.046803
12994	0.036828
13010	0.017838
13011	0.023933
13026	0.015671
13036	0.018216
13038	0.065889
13088	0.010737
13092	0.047012
13107	0.019270
13124	0.017481
13128	0.020528
13140	0.027879
13142	0.030619
13155	0.021228
13184	0.028301
13219	0.134876
13221	0.026434
13233	0.027890
13238	0.018216
13246	0.042608
13255	0.013273
13262	0.012832
13270	0.033330
13274	0.036593
13287	0.017481
13296	0.026730
13315	0.015225
13334	0.016149
13336	0.056578
13356	0.027975
13362	0.010119
13434	0.021132
13461	0.032584
13471	0.033949
13515	0.023905
