262
t_index	tf-idf
31	0.032608
46	0.074212
105	0.029348
114	0.037143
138	0.029800
160	0.083378
201	0.115875
217	0.044055
237	0.076798
243	0.098525
259	0.041081
399	0.029459
402	0.044099
493	0.170203
525	0.037722
591	0.083378
594	0.065047
678	0.055079
687	0.023161
694	0.071627
738	0.054323
751	0.091060
787	0.038851
822	0.054323
845	0.049461
849	0.024946
881	0.044350
1002	0.049892
1039	0.066812
1072	0.027235
1225	0.041916
1231	0.083378
1234	0.039081
1326	0.083378
1392	0.062096
1512	0.032895
1619	0.053609
1620	0.095746
1688	0.014600
1702	0.060881
1757	0.078017
1862	0.051082
1882	0.040295
1901	0.055079
1969	0.055079
1991	0.022749
2016	0.043438
2110	0.071262
2139	0.350835
2165	0.052285
2248	0.092544
2299	0.034765
2311	0.052930
2445	0.031003
2672	0.078017
2693	0.062259
2754	0.030032
2863	0.052285
2875	0.058627
2947	0.026918
2952	0.083378
3002	0.023300
3027	0.052930
3370	0.041632
3448	0.092544
3549	0.049980
3608	0.062259
3631	0.050519
3674	0.092544
3705	0.041632
3837	0.062096
3881	0.016644
3886	0.033797
3920	0.066812
3966	0.071262
4012	0.083378
4082	0.024023
4088	0.055881
4111	0.035277
4134	0.053609
4143	0.029459
4209	0.038403
4214	0.022615
4243	0.071262
4325	0.092617
4377	0.078017
4407	0.043582
4441	0.111970
4555	0.172994
4563	0.035104
4588	0.035104
4600	0.053609
4693	0.062006
4700	0.074212
4717	0.021102
4754	0.052285
4780	0.024946
4809	0.057820
4832	0.089403
4836	0.142523
4855	0.027778
4916	0.032051
4986	0.034599
5042	0.004881
5073	0.030630
5111	0.092544
5127	0.074212
5146	0.034765
5156	0.055881
5315	0.085474
5358	0.038625
5419	0.049301
5447	0.038851
5491	0.052299
5590	0.035104
5771	0.049461
5842	0.056734
5955	0.021343
6046	0.025351
6107	0.055881
6140	0.113469
6186	0.031386
6200	0.027680
6226	0.053609
6338	0.051670
6419	0.039382
6422	0.027011
6550	0.040043
6589	0.020573
6626	0.071262
6653	0.038625
6658	0.022817
6670	0.059396
6706	0.032608
6746	0.055954
6752	0.042207
6760	0.015196
6769	0.062096
6772	0.066812
6866	0.074212
6867	0.037549
6901	0.083930
7074	0.022351
7092	0.015273
7234	0.074212
7307	0.038851
7496	0.032751
7536	0.039553
7591	0.060775
7625	0.092544
7653	0.082167
7683	0.060836
7799	0.024293
7853	0.015820
7943	0.053134
8075	0.058627
8138	0.026735
8209	0.043691
8238	0.034934
8272	0.028487
8280	0.024532
8299	0.030392
8422	0.024248
8436	0.148425
8515	0.092544
8581	0.032895
8742	0.052285
8803	0.076369
8866	0.074212
8872	0.086092
8876	0.074212
8891	0.049461
8914	0.039081
8920	0.185088
8981	0.083378
9128	0.055067
9130	0.052930
9131	0.021222
9198	0.037758
9489	0.057184
9580	0.024867
9649	0.055881
9689	0.038625
9778	0.048962
9793	0.062096
9821	0.013284
9924	0.040552
9971	0.055079
10060	0.041632
10102	0.046308
10166	0.021465
10234	0.053979
10264	0.065047
10333	0.092642
10346	0.016220
10440	0.055881
10482	0.034272
10495	0.023161
10549	0.038625
10565	0.032326
10566	0.051670
10567	0.039315
10600	0.022285
10605	0.044099
10723	0.083378
10775	0.023371
10802	0.026025
10818	0.055754
10829	0.053609
10876	0.089591
10949	0.048962
10952	0.095137
11084	0.030149
11123	0.028911
11153	0.029237
11154	0.053609
11158	0.030268
11178	0.035630
11215	0.046308
11233	0.092544
11264	0.036944
11311	0.017266
11395	0.028695
11422	0.037143
11424	0.024248
11488	0.050519
11763	0.015466
11835	0.071984
11864	0.024631
11912	0.068851
11932	0.032326
11980	0.007394
12028	0.033204
12092	0.043954
12124	0.016434
12137	0.018175
12164	0.021465
12194	0.092544
12223	0.050519
12244	0.068851
12372	0.047898
12543	0.092544
12598	0.028340
12707	0.047569
12953	0.071262
13011	0.032359
13026	0.031781
13036	0.036944
13051	0.017939
13069	0.057647
13088	0.065323
13140	0.014135
13155	0.021526
13219	0.074600
13255	0.026918
13266	0.042808
13283	0.044443
13334	0.032751
13362	0.010260
13434	0.021428
13450	0.025026
13461	0.066083
