508
t_index	tf-idf
38	0.024126
40	0.034996
71	0.016233
87	0.015824
105	0.016540
107	0.015600
108	0.054892
117	0.036659
122	0.021162
138	0.016795
148	0.031042
168	0.033041
211	0.019225
217	0.012414
237	0.014427
243	0.013882
273	0.020080
372	0.052156
394	0.015711
399	0.016603
408	0.012386
437	0.063986
438	0.043471
458	0.040121
493	0.031975
525	0.010630
530	0.038803
575	0.030616
594	0.036659
609	0.028168
613	0.052156
687	0.013053
694	0.013456
849	0.014059
881	0.008332
932	0.054123
953	0.034286
973	0.056944
999	0.033638
1002	0.014059
1032	0.039763
1048	0.028789
1057	0.017544
1058	0.008415
1072	0.030698
1076	0.014522
1159	0.025246
1177	0.083650
1193	0.020710
1229	0.030213
1234	0.066077
1237	0.046991
1263	0.041825
1273	0.040162
1276	0.038450
1299	0.024126
1463	0.038803
1512	0.018539
1523	0.020933
1525	0.016730
1565	0.027852
1587	0.052156
1617	0.034996
1620	0.521620
1626	0.018622
1656	0.106258
1688	0.016457
1702	0.022874
1709	0.014570
1710	0.052156
1743	0.054646
1753	0.036127
1792	0.013374
1797	0.052156
1872	0.015329
1901	0.031042
1905	0.019136
1918	0.015119
1931	0.033041
1935	0.012936
1963	0.025876
1973	0.053129
1991	0.012821
2050	0.024126
2052	0.028168
2072	0.020182
2077	0.021520
2139	0.114472
2154	0.010948
2159	0.026328
2200	0.036659
2238	0.024126
2243	0.037654
2278	0.010602
2285	0.016055
2319	0.040162
2325	0.029120
2348	0.029120
2373	0.022854
2384	0.016666
2389	0.024854
2397	0.033984
2398	0.024854
2463	0.023955
2465	0.038803
2483	0.036659
2560	0.007141
2580	0.021963
2588	0.034286
2591	0.026106
2684	0.024126
2693	0.052632
2754	0.016926
2788	0.068572
2821	0.102858
2854	0.022428
2864	0.019586
2919	0.013751
2922	0.017911
2937	0.072904
2947	0.030342
2951	0.044001
2983	0.040162
3002	0.052527
3008	0.037578
3026	0.013456
3075	0.027594
3095	0.036659
3146	0.017332
3184	0.017762
3274	0.026099
3308	0.026099
3309	0.027875
3360	0.025660
3363	0.051582
3388	0.023002
3430	0.023306
3434	0.028472
3458	0.024481
3497	0.010137
3567	0.020182
3574	0.047247
3598	0.013252
3601	0.040162
3608	0.035088
3622	0.043969
3641	0.038795
3644	0.038999
3726	0.041958
3738	0.027062
3771	0.025876
3796	0.034286
3806	0.043969
3808	0.029831
3813	0.024126
3850	0.023153
3859	0.037654
3881	0.018761
3885	0.040162
3892	0.018458
3937	0.027594
3950	0.040777
3968	0.013172
3969	0.052156
3997	0.025047
4021	0.021520
4035	0.013539
4076	0.036604
4111	0.099408
4138	0.015436
4144	0.021520
4214	0.012746
4222	0.034996
4226	0.044051
4247	0.034571
4269	0.026747
4280	0.052156
4281	0.043969
4289	0.025450
4329	0.023153
4338	0.031975
4348	0.024301
4381	0.024194
4407	0.008187
4439	0.024301
4441	0.031552
4458	0.022157
4460	0.023787
4462	0.011501
4486	0.046991
4533	0.046991
4563	0.019784
4705	0.034996
4717	0.023786
4737	0.033333
4755	0.020167
4780	0.014059
4798	0.043969
4809	0.024440
4810	0.030213
4832	0.012597
4847	0.105234
4852	0.052156
4855	0.031310
4871	0.038803
4929	0.026328
4948	0.040162
4968	0.025950
5001	0.034286
5095	0.029120
5108	0.088295
5134	0.015067
5146	0.019593
5215	0.012523
5231	0.031975
5242	0.071563
5253	0.044315
5272	0.028390
5279	0.009333
5315	0.092638
5358	0.021769
5375	0.034286
5382	0.036437
5404	0.030551
5419	0.018523
5466	0.043969
5485	0.010630
5491	0.068774
5589	0.032489
5661	0.043969
5771	0.195128
5787	0.019650
5869	0.041825
5954	0.040162
6090	0.022292
6140	0.063949
6145	0.046991
6200	0.046799
6260	0.031042
6278	0.071049
6346	0.021399
6521	0.026328
6523	0.046991
6589	0.005797
6595	0.014380
6599	0.025872
6612	0.083650
6625	0.024481
6626	0.040162
6644	0.013497
6646	0.019298
6658	0.012859
6670	0.044633
6683	0.034286
6769	0.104989
6876	0.011994
6900	0.014815
6901	0.015767
6911	0.038803
6955	0.043969
7044	0.025491
7047	0.010630
7149	0.038095
7188	0.025047
7246	0.033638
7273	0.066082
7282	0.013838
7300	0.025719
7339	0.023955
7491	0.024854
7522	0.038803
7535	0.022710
7591	0.017126
7594	0.033638
7653	0.015436
7683	0.034286
7698	0.024543
7709	0.014765
7799	0.013691
7826	0.028482
7839	0.027323
7853	0.071329
7943	0.074864
7951	0.025876
7997	0.012821
8044	0.031042
8101	0.019407
8110	0.025047
8154	0.040162
8158	0.132164
8208	0.015997
8209	0.032831
8280	0.023043
8299	0.008564
8301	0.035782
8308	0.010490
8317	0.107236
8318	0.024301
8331	0.035782
8340	0.047472
8349	0.016795
8454	0.033041
8514	0.046991
8566	0.088401
8581	0.037078
8587	0.023306
8597	0.011312
8608	0.024481
8625	0.015329
8641	0.036659
8650	0.038803
8653	0.028168
8714	0.006100
8838	0.035782
8864	0.012097
8884	0.015824
8895	0.062131
8914	0.022026
8927	0.026665
8938	0.024473
8944	0.011662
8958	0.052156
8960	0.087938
8977	0.018297
9009	0.043969
9049	0.035782
9087	0.030213
9128	0.051725
9131	0.011960
9154	0.033041
9206	0.028472
9233	0.029831
9234	0.088080
9266	0.037748
9269	0.047643
9339	0.013252
9384	0.012201
9391	0.019882
9395	0.033041
9399	0.043969
9476	0.055751
9489	0.032228
9507	0.024854
9554	0.046991
9580	0.014015
9594	0.026328
9625	0.015881
9631	0.052156
9633	0.040162
9641	0.030213
9650	0.015881
9660	0.019980
9697	0.023623
9730	0.046991
9778	0.027594
9802	0.024665
9829	0.065910
9830	0.052156
9867	0.013666
9869	0.018539
9917	0.036659
9936	0.025047
9960	0.023153
9972	0.052156
9983	0.025341
9994	0.025876
10000	0.021896
10010	0.024481
10060	0.023463
10066	0.023306
10074	0.027875
10123	0.021162
10160	0.025642
10165	0.037654
10166	0.012097
10234	0.018253
10264	0.073319
10333	0.013053
10344	0.017987
10346	0.004571
10360	0.041825
10387	0.022428
10469	0.042723
10482	0.038631
10483	0.057899
10492	0.027927
10499	0.015545
10549	0.021769
10551	0.081468
10556	0.016114
10593	0.024854
10600	0.012560
10606	0.011565
10612	0.015881
10671	0.024854
10678	0.032489
10683	0.043969
10748	0.022568
10815	0.043969
10818	0.015711
10829	0.030213
10852	0.017389
10860	0.046004
10989	0.076351
11008	0.071563
11040	0.026099
11061	0.041825
11085	0.023002
11089	0.033720
11158	0.017059
11160	0.022292
11164	0.075309
11176	0.038803
11178	0.020080
11189	0.030616
11198	0.028789
11203	0.019882
11215	0.026099
11254	0.022292
11264	0.020821
11289	0.030616
11305	0.014334
11306	0.046991
11311	0.009731
11365	0.015600
11395	0.016172
11406	0.052156
11422	0.020933
11424	0.013666
11470	0.026809
11490	0.037654
11543	0.028168
11564	0.026328
11627	0.020813
11632	0.046926
11658	0.026099
11682	0.038803
11698	0.034286
11713	0.043969
11714	0.081185
11736	0.019315
11809	0.020821
11823	0.024665
11833	0.016540
11835	0.040569
11867	0.017263
11879	0.033041
11933	0.052156
11949	0.016666
11980	0.008334
11988	0.014015
11990	0.011727
12056	0.028472
12076	0.038803
12092	0.006193
12128	0.035524
12137	0.010243
12164	0.012097
12187	0.032489
12207	0.035822
12216	0.033041
12222	0.023787
12251	0.033041
12267	0.046991
12311	0.031975
12365	0.041825
12389	0.038803
12392	0.009757
12444	0.046991
12594	0.021769
12599	0.028789
12689	0.027062
12745	0.009453
12795	0.046991
12875	0.037243
12883	0.015329
12990	0.066868
12994	0.021047
13011	0.016717
13036	0.020821
13038	0.037654
13088	0.024543
13092	0.089556
13124	0.019980
13126	0.024665
13140	0.007966
13150	0.023153
13155	0.012132
13179	0.014380
13184	0.016173
13219	0.070073
13221	0.030213
13238	0.020821
13246	0.064933
13255	0.030342
13263	0.028472
13266	0.024126
13270	0.019048
13276	0.031494
13286	0.052156
13287	0.019980
13295	0.017689
13315	0.017402
13336	0.055429
13356	0.031975
13362	0.011565
13434	0.024153
13461	0.037243
