190
t_index	tf-idf
79	0.029231
91	0.051535
108	0.035497
115	0.032088
118	0.077915
175	0.052500
200	0.063028
209	0.032333
331	0.059395
390	0.036783
438	0.016867
440	0.101184
524	0.041283
525	0.020622
535	0.061098
686	0.077915
777	0.067893
1096	0.069205
1100	0.019110
1310	0.041514
1341	0.021069
1497	0.085300
1578	0.085300
1709	0.056533
1836	0.030589
1889	0.085300
1918	0.029331
2000	0.463819
2001	0.091162
2002	0.135786
2016	0.047493
2107	0.150557
2154	0.021240
2290	0.037472
2301	0.049374
2395	0.052500
2665	0.038195
2667	0.033897
2864	0.025331
2950	0.031847
3001	0.078704
3050	0.075658
3099	0.035043
3179	0.039967
3351	0.061098
3497	0.019665
3641	0.037631
3731	0.085300
3861	0.150600
3931	0.047850
3966	0.077915
4067	0.080357
4128	0.033490
4209	0.041988
4407	0.031767
4419	0.050494
4717	0.023072
4859	0.033230
4916	0.035043
5042	0.005337
5056	0.050632
5236	0.069416
5248	0.091162
5264	0.091162
5305	0.071119
5315	0.035944
5348	0.049374
5597	0.041988
5673	0.056494
5729	0.081141
5817	0.136556
5928	0.085300
5946	0.033760
5955	0.046670
5956	0.060221
6169	0.146100
6186	0.034316
6264	0.094986
6378	0.013481
6453	0.182074
6461	0.034175
6589	0.022494
6646	0.018719
6727	0.170600
6784	0.037297
6813	0.023536
6839	0.091162
6991	0.019060
7044	0.024726
7047	0.020622
7092	0.016698
7268	0.067893
7270	0.040178
7339	0.046472
7409	0.026678
7438	0.019665
7457	0.303712
7484	0.049781
7778	0.042478
7853	0.017297
7858	0.091037
7929	0.065257
7943	0.043571
7951	0.050200
7954	0.016656
8210	0.022899
8280	0.017881
8299	0.016615
8316	0.038762
8319	0.025630
8590	0.042478
8597	0.021945
8705	0.091162
8714	0.023667
8927	0.025865
8944	0.045247
8976	0.045214
8977	0.035497
8994	0.066515
9000	0.033094
9050	0.035302
9064	0.053007
9125	0.041749
9128	0.030104
9141	0.091162
9163	0.058613
9235	0.053007
9262	0.052009
9538	0.041283
9717	0.028454
9748	0.034603
9764	0.071119
9773	0.048216
9821	0.029047
9825	0.069416
9862	0.042986
9983	0.024581
10000	0.042478
10214	0.077915
10234	0.005902
10333	0.050646
10346	0.017734
10376	0.069416
10492	0.018060
10564	0.029738
10578	0.039352
10860	0.044624
10879	0.037472
10958	0.031261
11002	0.069416
11133	0.071119
11205	0.025787
11257	0.046805
11297	0.051076
11332	0.091162
11469	0.050632
11566	0.039759
11600	0.056494
11627	0.040378
11980	0.024253
12028	0.018152
12052	0.039759
12070	0.091162
12092	0.012014
12207	0.034748
12223	0.055236
12292	0.052009
12372	0.026185
12709	0.046472
12731	0.008602
12745	0.018339
12821	0.085300
12836	0.091162
12936	0.054645
12943	0.028266
12976	0.034895
13011	0.008845
13052	0.050494
13140	0.015454
13233	0.030921
13262	0.028454
13283	0.048592
13382	0.066515
13410	0.091162
13434	0.035143
13480	0.038762
13481	0.216447
13482	0.062031
13484	0.091162
13503	0.073050
