490
t_index	tf-idf
358	0.037838
373	0.043660
418	0.112470
438	0.024667
445	0.016093
455	0.019509
476	0.017618
502	0.033122
503	0.019381
518	0.012077
524	0.011620
538	0.140046
544	0.036806
553	0.016809
571	0.076885
576	0.098204
640	0.015872
646	0.026303
677	0.011845
684	0.005184
693	0.015383
705	0.098204
717	0.050945
737	0.011195
781	0.030687
782	0.015665
798	0.011845
828	0.049942
930	0.039824
932	0.051257
951	0.026397
956	0.026025
958	0.025985
979	0.043660
1010	0.010733
1024	0.016643
1064	0.017715
1095	0.039336
1102	0.025628
1125	0.023334
1158	0.013949
1198	0.033619
1208	0.117895
1279	0.011769
1334	0.014686
1335	0.007045
1351	0.043660
1353	0.036470
1355	0.012360
1373	0.119445
1377	0.008246
1378	0.043660
1419	0.035011
1431	0.013845
1581	0.039336
1619	0.009091
1665	0.276584
1667	0.235335
1668	0.029295
1746	0.036806
1769	0.013489
1776	0.018548
1788	0.015519
1826	0.043660
1841	0.011657
1895	0.030113
1901	0.015588
1962	0.013776
1993	0.013058
2016	0.012038
2036	0.016018
2067	0.024971
2111	0.013199
2112	0.025628
2134	0.016093
2148	0.012832
2211	0.021658
2268	0.019912
2269	0.035011
2315	0.051970
2351	0.035011
2366	0.020493
2413	0.052268
2428	0.009165
2518	0.031743
2569	0.046973
2576	0.014168
2607	0.022237
2634	0.019641
2644	0.019131
2657	0.059325
2660	0.041610
2669	0.020805
2693	0.029952
2725	0.062901
2726	0.019775
2739	0.009735
2750	0.011620
2756	0.025628
2781	0.036806
2833	0.025697
2834	0.018775
2852	0.012257
2862	0.035826
2937	0.016481
2939	0.014626
2947	0.041225
2993	0.030687
3043	0.087319
3084	0.014746
3121	0.005465
3127	0.089857
3148	0.120454
3149	0.032482
3158	0.017618
3166	0.016245
3171	0.016401
3176	0.029493
3178	0.034534
3212	0.033619
3242	0.033619
3243	0.021304
3286	0.024971
3314	0.026766
3318	0.026766
3396	0.022653
3408	0.014509
3425	0.033619
3433	0.030687
3442	0.086228
3445	0.016725
3446	0.020647
3507	0.039336
3526	0.046669
3557	0.061375
3576	0.039336
3608	0.022039
3639	0.019641
3670	0.025291
3724	0.048753
3769	0.016970
3801	0.011264
3816	0.023099
3822	0.026879
3823	0.020647
3870	0.011093
3910	0.016238
3946	0.018660
3956	0.022237
3966	0.014393
3998	0.026766
4000	0.035123
4013	0.020052
4014	0.023579
4016	0.019255
4124	0.019381
4134	0.043660
4143	0.115529
4144	0.038020
4159	0.019912
4340	0.017337
4349	0.010214
4355	0.011334
4384	0.016643
4401	0.014451
4428	0.032645
4465	0.026363
4476	0.033285
4487	0.010669
4490	0.020647
4520	0.017364
4590	0.016980
4598	0.021847
4602	0.019381
4635	0.035011
4645	0.026363
4674	0.036806
4678	0.047975
4690	0.010894
4712	0.008804
4723	0.039336
4738	0.009469
4783	0.130979
4809	0.017715
4818	0.022872
4854	0.043660
4862	0.043660
4985	0.016561
5026	0.008441
5051	0.011731
5080	0.006820
5102	0.016809
5117	0.017618
5126	0.028701
5233	0.014686
5238	0.010861
5240	0.018014
5283	0.015383
5286	0.019641
5311	0.007008
5326	0.021847
5331	0.028701
5535	0.029952
5541	0.011883
5544	0.026766
5546	0.043660
5584	0.024815
5670	0.349278
5671	0.025574
5686	0.007753
5748	0.039336
5755	0.024673
5764	0.013589
5893	0.030687
5939	0.023099
6008	0.022237
6049	0.016449
6073	0.030371
6081	0.019641
6199	0.019381
6210	0.014567
6219	0.020138
6264	0.012967
6303	0.021661
6366	0.018548
6380	0.024376
6458	0.043660
6466	0.013058
6523	0.018117
6567	0.073612
6596	0.013246
6645	0.023267
6650	0.028118
6656	0.043660
6716	0.043660
6720	0.117845
6728	0.014746
6782	0.019775
6844	0.028336
6856	0.009706
6862	0.024075
6876	0.038263
6920	0.018222
6923	0.010332
6932	0.013898
6955	0.028701
6959	0.029952
6965	0.033619
6998	0.022653
7013	0.013199
7018	0.032490
7074	0.023997
7080	0.010155
7118	0.010184
7140	0.020081
7178	0.036806
7255	0.024673
7256	0.020343
7308	0.021338
7311	0.008898
7337	0.010544
7353	0.021616
7399	0.043660
7412	0.015945
7444	0.028701
7454	0.064964
7462	0.021847
7464	0.017337
7489	0.008781
7521	0.064964
7534	0.017337
7546	0.011584
7564	0.010764
7571	0.018329
7577	0.043660
7643	0.029295
7644	0.043660
7651	0.013539
7719	0.380041
7853	0.028672
7871	0.026766
7884	0.039336
7954	0.032482
7962	0.021133
7979	0.018379
8041	0.036658
8117	0.022391
8121	0.098204
8165	0.010302
8174	0.035626
8202	0.025399
8338	0.017246
8373	0.021661
8418	0.021304
8428	0.019912
8439	0.025291
8449	0.016725
8463	0.013741
8464	0.019762
8471	0.017913
8477	0.029952
8528	0.013440
8537	0.007716
8556	0.014338
8566	0.008781
8571	0.011960
8574	0.016725
8576	0.040685
8577	0.022119
8596	0.035011
8611	0.019775
8656	0.043660
8677	0.024667
8680	0.011440
8786	0.023834
8842	0.029952
8856	0.047346
8860	0.018117
8933	0.014224
8934	0.063041
8972	0.015318
8990	0.033619
8992	0.040391
9005	0.017523
9008	0.028672
9010	0.018117
9012	0.069297
9122	0.010126
9130	0.013539
9196	0.010243
9199	0.061267
9202	0.009762
9303	0.038081
9365	0.013391
9377	0.021649
9380	0.010012
9436	0.059973
9525	0.022442
9565	0.019509
9580	0.049942
9631	0.010214
9634	0.021661
9664	0.043660
9689	0.036806
9745	0.022237
9751	0.027658
9766	0.017813
9792	0.011731
9803	0.016809
9811	0.014931
9819	0.032482
9850	0.020493
9931	0.022039
9934	0.053144
9951	0.028701
9967	0.029861
9984	0.039336
9989	0.007501
10004	0.016401
10044	0.029952
10055	0.018548
10100	0.025140
10129	0.019201
10180	0.019381
10192	0.025985
10257	0.018014
10269	0.015519
10311	0.043660
10327	0.019010
10355	0.015057
10397	0.021465
10403	0.010126
10457	0.033619
10471	0.007640
10523	0.038020
10553	0.070023
10717	0.016169
10718	0.072700
10730	0.010927
10734	0.026025
10771	0.027196
10785	0.013639
10791	0.013489
10801	0.024376
10805	0.019641
10806	0.017913
10810	0.155047
10812	0.015872
10813	0.101880
10833	0.032482
10862	0.009265
11008	0.022653
11011	0.011026
11015	0.024971
11054	0.013152
11055	0.021661
11088	0.007278
11144	0.027658
11149	0.043660
11194	0.013489
11308	0.027196
11320	0.014224
11359	0.013639
11360	0.043660
11393	0.014280
11447	0.043660
11522	0.013589
11545	0.028510
11568	0.012485
11634	0.027196
11658	0.011440
11688	0.025628
11698	0.022808
11699	0.025628
11701	0.043660
11714	0.015945
11732	0.080297
11733	0.030687
11734	0.043660
11814	0.015317
11859	0.008711
11883	0.033619
11899	0.027658
11922	0.024667
12005	0.036470
12040	0.034858
12093	0.011620
12102	0.035011
12124	0.020805
12144	0.039336
12155	0.025291
12215	0.020930
12254	0.026117
12256	0.012157
12260	0.014686
12263	0.007832
12293	0.025291
12327	0.010368
12397	0.010126
12401	0.011731
12435	0.019912
12441	0.014993
12502	0.020805
12518	0.022791
12526	0.022442
12547	0.052287
12559	0.073612
12606	0.011299
12666	0.036806
12670	0.022237
12680	0.042266
12690	0.033619
12704	0.043660
12831	0.026740
12855	0.043660
12864	0.043660
12928	0.039336
12946	0.043660
13043	0.035011
13080	0.025860
13107	0.015588
13142	0.021661
13151	0.036806
13175	0.024393
13208	0.015057
13211	0.025628
13244	0.025443
13268	0.017429
13284	0.008463
13285	0.098044
13298	0.027196
13310	0.059905
13320	0.071908
13343	0.016113
13373	0.006668
13389	0.043660
13412	0.012038
13417	0.036806
13441	0.010575
13454	0.035194
13492	0.012699
13532	0.014807
13573	0.007733
13583	0.009366
13594	0.018117
13598	0.024891
13674	0.020219
13723	0.016725
13724	0.080053
13751	0.043660
