326
t_index	tf-idf
7	0.033731
108	0.024447
121	0.026829
211	0.025686
213	0.044943
408	0.024823
437	0.021373
455	0.038907
458	0.017868
503	0.012501
564	0.037244
572	0.024447
586	0.017284
646	0.035519
671	0.021067
687	0.017440
688	0.069685
693	0.022973
737	0.073012
783	0.055342
805	0.055882
816	0.072550
849	0.018784
904	0.043408
1049	0.040906
1051	0.026178
1073	0.069685
1100	0.039483
1177	0.111764
1188	0.033207
1193	0.027671
1281	0.055882
1402	0.046758
1452	0.023440
1512	0.049540
1579	0.117493
1600	0.050310
1752	0.029255
1792	0.017868
1805	0.038907
1935	0.051852
1958	0.065909
2036	0.073736
2191	0.097960
2208	0.051845
2220	0.037635
2267	0.044146
2268	0.152164
2305	0.022614
2455	0.031563
2461	0.039856
2482	0.042078
2488	0.195927
2560	0.009542
2578	0.034284
2625	0.048980
2629	0.025449
2667	0.023345
2750	0.039371
2821	0.045809
2864	0.034891
2895	0.032887
2906	0.031139
2944	0.038465
3018	0.069685
3025	0.039371
3026	0.035956
3216	0.044943
3226	0.044943
3240	0.047807
3257	0.035176
3297	0.037244
3360	0.034284
3370	0.031349
3392	0.062784
3409	0.022702
3442	0.044146
3480	0.062784
3497	0.027087
3511	0.107320
3512	0.062784
3726	0.028030
3762	0.020917
3826	0.069685
3835	0.025449
3881	0.012533
3898	0.026433
3971	0.055882
4035	0.018089
4076	0.032604
4124	0.022268
4134	0.040367
4138	0.041248
4155	0.026053
4198	0.034573
4234	0.044943
4269	0.035736
4462	0.046097
4466	0.030227
4546	0.036506
4555	0.026053
4585	0.081306
4588	0.026433
4666	0.076930
4737	0.022268
4809	0.021769
4811	0.139371
4814	0.069685
4832	0.050490
4968	0.052007
4971	0.084157
5016	0.031349
5063	0.170884
5094	0.042721
5174	0.121101
5215	0.016732
5245	0.062784
5315	0.024755
5322	0.058746
5382	0.024342
5408	0.095615
5419	0.061872
5479	0.027526
5541	0.047807
5565	0.044943
5705	0.021689
5748	0.040906
5765	0.055882
5787	0.013127
5848	0.048980
5861	0.018966
5886	0.071638
5887	0.069685
5900	0.065067
5992	0.013614
6025	0.038041
6056	0.069685
6218	0.032469
6236	0.037244
6242	0.055882
6278	0.023732
6337	0.040367
6346	0.085772
6353	0.051845
6373	0.051845
6378	0.027852
6379	0.039371
6395	0.044943
6421	0.042078
6577	0.022614
6584	0.034573
6599	0.017284
6620	0.022183
6644	0.036067
6656	0.049473
6658	0.017181
6670	0.014908
6760	0.011443
6813	0.032418
6821	0.030733
6832	0.040367
6876	0.048076
6901	0.021067
6905	0.044146
7047	0.014202
7091	0.036868
7111	0.048980
7149	0.025449
7224	0.041475
7225	0.014015
7272	0.024661
7298	0.058746
7300	0.017181
7309	0.112818
7335	0.097960
7367	0.064469
7409	0.018373
7534	0.019727
7568	0.041475
7601	0.016587
7603	0.022882
7670	0.031782
7672	0.097960
7681	0.161469
7760	0.060684
7767	0.039371
7776	0.132437
7779	0.021530
7799	0.009146
7884	0.018034
7887	0.027968
7912	0.025686
7934	0.025929
7939	0.020270
7943	0.020005
7946	0.039371
7965	0.015323
7999	0.058746
8079	0.027526
8099	0.027382
8208	0.021373
8209	0.043866
8280	0.012315
8331	0.047807
8343	0.042078
8587	0.249114
8625	0.020481
8642	0.029784
8644	0.039856
8674	0.045405
8701	0.040367
8731	0.029604
8750	0.045764
8833	0.042078
8864	0.016163
8884	0.042284
8938	0.032698
8939	0.043408
9081	0.034573
9124	0.034004
9170	0.061018
9321	0.038907
9335	0.068007
9458	0.027102
9513	0.040367
9525	0.043408
9538	0.028432
9588	0.029255
9591	0.026829
9599	0.023831
9624	0.050310
9626	0.040539
9762	0.073736
9770	0.011973
9849	0.071793
9936	0.033465
9978	0.040367
9980	0.069685
9989	0.044943
10009	0.076930
10032	0.040367
10062	0.084157
10120	0.024032
10166	0.032326
10200	0.239037
10227	0.029784
10234	0.052840
10281	0.028591
10333	0.017440
10344	0.024032
10346	0.006107
10387	0.059933
10429	0.069685
10501	0.062974
10597	0.017598
10605	0.033207
10612	0.063656
10627	0.044362
10635	0.042721
10637	0.053660
10663	0.069685
10748	0.030153
10754	0.024661
10768	0.026564
10769	0.040906
10852	0.023233
10880	0.019860
10936	0.044943
10977	0.016539
11126	0.034284
11129	0.040367
11167	0.064011
11213	0.087254
11226	0.073012
11311	0.019502
11414	0.044146
11431	0.111274
11512	0.030153
11514	0.066931
11599	0.139371
11606	0.062784
11647	0.030342
11650	0.069146
11652	0.028753
11662	0.020339
11666	0.034004
11764	0.021373
11868	0.050310
11932	0.121708
11959	0.079691
11980	0.005568
11988	0.018725
12020	0.023251
12021	0.038806
12028	0.025003
12092	0.049646
12105	0.059567
12137	0.013686
12210	0.045584
12216	0.044146
12243	0.036868
12314	0.053660
12347	0.075621
12372	0.018034
12382	0.029085
12392	0.026073
12412	0.055882
12523	0.062784
12525	0.029784
12745	0.012630
12791	0.157482
12863	0.097960
12943	0.019467
13011	0.018275
13036	0.027819
13051	0.013508
13110	0.012859
13124	0.053391
13140	0.010643
13159	0.069685
13296	0.020410
13325	0.086816
13334	0.024661
13335	0.038907
13339	0.020410
13434	0.008068
