394
t_index	tf-idf
31	0.019894
33	0.045277
107	0.033775
110	0.020249
237	0.015618
254	0.042006
331	0.066286
343	0.042006
390	0.061576
399	0.017973
400	0.026905
408	0.033521
409	0.039685
429	0.039685
503	0.010129
572	0.019808
676	0.016828
690	0.027115
730	0.013879
783	0.022420
816	0.011756
881	0.009019
981	0.038735
1057	0.018992
1058	0.009110
1078	0.031968
1087	0.047598
1096	0.096543
1327	0.050869
1420	0.033143
1452	0.018992
1494	0.017444
1565	0.030150
1590	0.040762
1612	0.025751
1613	0.047598
1643	0.043477
1702	0.012381
1709	0.015773
1720	0.033775
1854	0.047598
1872	0.016594
1882	0.024584
1902	0.024132
1905	0.020715
1912	0.019390
1923	0.040762
1935	0.014004
1975	0.050869
1991	0.013879
2016	0.026502
2029	0.035170
2070	0.013058
2194	0.140060
2278	0.011477
2285	0.034760
2316	0.028757
2353	0.025064
2375	0.022420
2384	0.018042
2389	0.026905
2395	0.029295
2405	0.022661
2440	0.075770
2445	0.018915
2448	0.029022
2468	0.012589
2479	0.030055
2500	0.021959
2560	0.046385
2562	0.026117
2580	0.007925
2675	0.017771
2809	0.015825
2854	0.024280
2856	0.042006
2864	0.007067
2889	0.019472
2917	0.019070
2947	0.016423
2951	0.015878
2983	0.043477
3002	0.014216
3059	0.034614
3068	0.018111
3078	0.020249
3148	0.031899
3261	0.045277
3394	0.050869
3401	0.032707
3412	0.050869
3522	0.033143
3529	0.014566
3546	0.028012
3581	0.034093
3641	0.062996
3692	0.018613
3726	0.011355
3739	0.025932
3813	0.026117
3839	0.021738
3850	0.050127
3870	0.074702
3881	0.040619
3888	0.018838
3926	0.027330
3977	0.017973
4009	0.028253
4021	0.023296
4035	0.043970
4076	0.013208
4137	0.034614
4138	0.116970
4218	0.023036
4232	0.017573
4247	0.007485
4325	0.028253
4331	0.075191
4356	0.025932
4419	0.042264
4426	0.056461
4441	0.011385
4521	0.018323
4554	0.052382
4592	0.047598
4609	0.042006
4621	0.020340
4685	0.040680
4714	0.021417
4717	0.012875
4737	0.018042
4755	0.010916
4780	0.015220
4791	0.050869
4809	0.017638
4810	0.032707
4855	0.016947
4859	0.064898
4896	0.035768
4923	0.095196
4999	0.031524
5042	0.014891
5056	0.028253
5079	0.050869
5126	0.031165
5134	0.016311
5135	0.082652
5137	0.047598
5193	0.045277
5239	0.020812
5279	0.010103
5315	0.060171
5439	0.043477
5485	0.011507
5660	0.050869
5674	0.030176
5740	0.016769
5771	0.060352
5787	0.010636
5810	0.019638
5816	0.021210
5861	0.015367
5908	0.035170
5917	0.043259
5918	0.045277
5946	0.056515
5951	0.031524
5952	0.050869
5955	0.013021
5966	0.033604
5968	0.035675
6063	0.032293
6204	0.018042
6329	0.051390
6453	0.050799
6461	0.305121
6466	0.045277
6577	0.018323
6579	0.028757
6589	0.012552
6620	0.035946
6630	0.021959
6646	0.041781
6647	0.028012
6670	0.012079
6676	0.045321
6680	0.055102
6681	0.065413
6713	0.036362
6720	0.019808
6751	0.021009
6760	0.018542
6830	0.101738
6851	0.026341
6867	0.022909
6882	0.031165
6991	0.021272
7033	0.018042
7038	0.025230
7044	0.013798
7047	0.023015
7086	0.029872
7092	0.009318
7152	0.148464
7153	0.037885
7225	0.022711
7282	0.059921
7300	0.027841
7309	0.026117
7327	0.050869
7341	0.021109
7434	0.050869
7438	0.021946
7457	0.423684
7483	0.089882
7484	0.027778
7503	0.038735
7555	0.050869
7574	0.030822
7601	0.040317
7617	0.040762
7618	0.093496
7653	0.016710
7664	0.021210
7698	0.026569
7779	0.052332
7799	0.007411
7853	0.019304
7893	0.034614
7911	0.046072
7934	0.021009
7935	0.034614
7939	0.016423
7943	0.072939
7951	0.028012
7965	0.012415
7997	0.027759
8010	0.050869
8012	0.050869
8079	0.044604
8093	0.026117
8099	0.022186
8106	0.042006
8192	0.021629
8208	0.017317
8209	0.008885
8272	0.017380
8280	0.019956
8299	0.009271
8315	0.031165
8319	0.071510
8340	0.017130
8343	0.034093
8528	0.030822
8562	0.101738
8569	0.050869
8575	0.037885
8579	0.050869
8580	0.050869
8590	0.165922
8599	0.143019
8618	0.020910
8621	0.043477
8662	0.116205
8714	0.013207
8750	0.018540
8872	0.017508
8944	0.075745
8976	0.025230
8977	0.019808
9003	0.022302
9050	0.009849
9128	0.027997
9131	0.025895
9134	0.021738
9202	0.038779
9234	0.038140
9245	0.043477
9295	0.015567
9306	0.017444
9367	0.050869
9384	0.013208
9625	0.017192
9635	0.025400
9748	0.019309
9749	0.026502
9764	0.039685
9770	0.038804
9815	0.025932
9821	0.008104
9823	0.044372
9828	0.022784
9852	0.041430
9869	0.020069
9874	0.047598
9881	0.016255
9909	0.012415
9930	0.034614
9931	0.087065
9933	0.037116
10160	0.027759
10166	0.026191
10187	0.034634
10234	0.049399
10288	0.024584
10333	0.113042
10339	0.050869
10346	0.004948
10372	0.040139
10375	0.021109
10455	0.022909
10570	0.025400
10571	0.023165
10575	0.025064
10577	0.061576
10578	0.043918
10741	0.050869
10775	0.028517
10958	0.017444
10977	0.013400
11041	0.082652
11085	0.024901
11089	0.054754
11096	0.019808
11158	0.018467
11169	0.046330
11177	0.023843
11205	0.014389
11242	0.031524
11264	0.022539
11287	0.017573
11300	0.040762
11311	0.015801
11380	0.047598
11409	0.047598
11485	0.035170
11495	0.019981
11522	0.050869
11560	0.037116
11627	0.033797
11632	0.050799
11683	0.043477
11698	0.074232
11699	0.043477
11714	0.029295
11774	0.015721
11816	0.026117
11864	0.015028
11895	0.030493
11980	0.004511
12019	0.016887
12025	0.018992
12048	0.042006
12085	0.190392
12092	0.006704
12207	0.019390
12270	0.028012
12284	0.039298
12392	0.015844
12474	0.035170
12551	0.039685
12598	0.017290
12599	0.031165
12611	0.028757
12747	0.047598
12861	0.050869
12883	0.016594
12964	0.045277
12976	0.019472
12990	0.014477
13011	0.014807
13036	0.045079
13051	0.032834
13053	0.045277
13110	0.010418
13140	0.008624
13142	0.037885
13150	0.025064
13184	0.017508
13207	0.019894
13233	0.086271
13246	0.087865
13262	0.015878
13276	0.034093
13287	0.021629
13336	0.020001
13346	0.012112
13362	0.031300
13366	0.101738
13434	0.006537
13476	0.050869
13480	0.108147
13481	0.051762
13482	0.173069
