523
t_index	tf-idf
217	0.038582
233	0.054892
252	0.044018
358	0.031715
366	0.016654
401	0.044544
482	0.022910
640	0.059864
666	0.026157
684	0.013035
737	0.014075
779	0.029041
803	0.022396
804	0.044749
839	0.042268
857	0.043593
868	0.013494
951	0.016594
956	0.032720
1009	0.028215
1018	0.032221
1060	0.010000
1062	0.017883
1063	0.021797
1099	0.058082
1129	0.029593
1176	0.026157
1178	0.026157
1208	0.029645
1216	0.021348
1243	0.037658
1271	0.049455
1303	0.044018
1325	0.030299
1328	0.020621
1329	0.027958
1339	0.017676
1349	0.016154
1354	0.054892
1362	0.030669
1370	0.046275
1373	0.037543
1383	0.038582
1421	0.038514
1425	0.044018
1502	0.024862
1554	0.033651
1561	0.049455
1619	0.011430
1728	0.018464
1768	0.054892
1771	0.054892
1782	0.022910
1788	0.019511
1794	0.049455
1841	0.043968
1847	0.046275
1932	0.115745
1962	0.034639
1976	0.012037
2016	0.015135
2058	0.054892
2066	0.028150
2077	0.029405
2134	0.020233
2161	0.026785
2194	0.015912
2211	0.027229
2231	0.036084
2266	0.040481
2293	0.039629
2320	0.049455
2352	0.022649
2383	0.013862
2410	0.038582
2424	0.054892
2428	0.023045
2433	0.027709
2536	0.031395
2566	0.019257
2584	0.020924
2624	0.048733
2640	0.016246
2651	0.022778
2746	0.024694
2783	0.036832
2814	0.020720
2841	0.041241
2852	0.015410
2874	0.022031
2888	0.036832
2936	0.026361
2939	0.018389
2943	0.023605
2952	0.032221
2964	0.110785
3020	0.054892
3052	0.056962
3085	0.049455
3121	0.006871
3144	0.034774
3154	0.012952
3192	0.126805
3206	0.031933
3252	0.021028
3267	0.019774
3312	0.027958
3323	0.040838
3402	0.016836
3403	0.013655
3467	0.049455
3520	0.027709
3521	0.034193
3527	0.049455
3561	0.026361
3599	0.024053
3605	0.019341
3636	0.013065
3639	0.074081
3675	0.028481
3702	0.054892
3715	0.022649
3724	0.061295
3769	0.021336
3771	0.054892
3801	0.014162
3853	0.033145
3868	0.020924
3910	0.040830
3913	0.020522
4009	0.024862
4036	0.032720
4060	0.039629
4113	0.021133
4154	0.029618
4159	0.025035
4170	0.020822
4185	0.026570
4203	0.054892
4216	0.029337
4244	0.017474
4262	0.021133
4293	0.022649
4349	0.012841
4401	0.036336
4411	0.032491
4415	0.034193
4416	0.017474
4480	0.025958
4487	0.013414
4490	0.025958
4499	0.023181
4505	0.034169
4590	0.042697
4645	0.033145
4678	0.017234
4700	0.088037
4712	0.033207
4730	0.023181
4738	0.023810
4826	0.025463
4835	0.041643
4836	0.084536
4840	0.049455
4849	0.025958
4878	0.042268
4892	0.019774
4896	0.048733
4910	0.021240
4928	0.054892
4956	0.019774
4985	0.020822
5051	0.029499
5080	0.025722
5102	0.021133
5103	0.013257
5139	0.033651
5166	0.034774
5168	0.054892
5204	0.036084
5238	0.013655
5311	0.002937
5394	0.030299
5403	0.026785
5446	0.033145
5494	0.047209
5517	0.057512
5523	0.027958
5548	0.039289
5584	0.054598
5592	0.047503
5648	0.038348
5651	0.017744
5729	0.040838
5755	0.010340
5854	0.020822
5881	0.038582
5902	0.049455
5910	0.049455
5944	0.148365
6049	0.041361
6099	0.028756
6119	0.031797
6138	0.038582
6164	0.034169
6199	0.024367
6231	0.034193
6326	0.044018
6379	0.054892
6507	0.034774
6546	0.035402
6569	0.054892
6677	0.023605
6685	0.054892
6686	0.011680
6689	0.016021
6728	0.074160
6782	0.024862
6855	0.042268
6856	0.006101
6859	0.046275
6862	0.015135
6866	0.013615
6876	0.048106
6887	0.017474
6913	0.030465
6937	0.011743
6980	0.017608
7008	0.025035
7013	0.016594
7027	0.027040
7045	0.015284
7064	0.028756
7068	0.035402
7088	0.024208
7089	0.084536
7096	0.018772
7117	0.038582
7140	0.037870
7150	0.036084
7171	0.037658
7297	0.017540
7311	0.022375
7337	0.026514
7353	0.018118
7388	0.022910
7415	0.036084
7416	0.147326
7444	0.036084
7458	0.022150
7467	0.025576
7474	0.020924
7492	0.028215
7546	0.029128
7564	0.013534
7573	0.012695
7587	0.054892
7589	0.046275
7604	0.054892
7719	0.477810
7720	0.039629
7758	0.019426
7759	0.046275
7765	0.037658
7768	0.049455
7787	0.049455
7829	0.029041
7831	0.042268
7853	0.036048
7880	0.060598
7916	0.016246
8043	0.049455
8049	0.039629
8090	0.014988
8117	0.009384
8121	0.024694
8156	0.033651
8175	0.020233
8187	0.039629
8206	0.007879
8216	0.009036
8221	0.046088
8259	0.013494
8271	0.046275
8359	0.021569
8361	0.020424
8377	0.046275
8399	0.015857
8436	0.035402
8448	0.035766
8463	0.025915
8464	0.006211
8531	0.049455
8537	0.029101
8556	0.009013
8561	0.054892
8562	0.024208
8574	0.063084
8577	0.069522
8598	0.016654
8677	0.031012
8746	0.029041
8763	0.027709
8786	0.029965
8812	0.033651
8843	0.042268
8849	0.138265
8850	0.040838
8856	0.011905
8858	0.055617
8867	0.025765
8884	0.016133
8921	0.037658
8924	0.054892
8972	0.019259
8975	0.036832
8992	0.025391
9065	0.029965
9077	0.054466
9091	0.033145
9128	0.046719
9148	0.027958
9160	0.049455
9172	0.023181
9196	0.077269
9198	0.068385
9208	0.084536
9209	0.066816
9212	0.044018
9229	0.040838
9259	0.012037
9303	0.019151
9342	0.023461
9365	0.016836
9377	0.016331
9380	0.025175
9424	0.023044
9454	0.027467
9488	0.063595
9508	0.028215
9512	0.019864
9515	0.033428
9542	0.045404
9584	0.022031
9586	0.013947
9679	0.049455
9682	0.029965
9696	0.035402
9716	0.067836
9729	0.040838
9763	0.046275
9794	0.037658
9798	0.025035
9800	0.023044
9805	0.032221
9872	0.021028
9890	0.029041
9918	0.049455
9926	0.035626
9940	0.042268
10040	0.007879
10046	0.040838
10068	0.018851
10088	0.019511
10100	0.031607
10129	0.012070
10136	0.027233
10142	0.029965
10192	0.032670
10217	0.027233
10221	0.024694
10257	0.045297
10258	0.032670
10313	0.040838
10355	0.018930
10397	0.026987
10409	0.025765
10418	0.023319
10471	0.025614
10475	0.098910
10525	0.036832
10579	0.018930
10581	0.019242
10704	0.014988
10717	0.020328
10753	0.040838
10801	0.030648
10805	0.024694
10806	0.045042
10810	0.024367
10812	0.019955
10813	0.021348
10835	0.013218
10841	0.012171
10862	0.034944
10878	0.032670
10916	0.054892
10954	0.038582
10995	0.049455
11008	0.028481
11038	0.015436
11080	0.046275
11194	0.016959
11214	0.029645
11277	0.053570
11320	0.017883
11332	0.019257
11358	0.116045
11359	0.017148
11412	0.023181
11438	0.020924
11440	0.013989
11459	0.023751
11499	0.021913
11520	0.044018
11522	0.017085
11530	0.054892
11545	0.010241
11562	0.032221
11574	0.029041
11595	0.033651
11599	0.082090
11626	0.046275
11629	0.017020
11634	0.034193
11641	0.054892
11656	0.022031
11658	0.014382
11695	0.034193
11703	0.028215
11714	0.020046
11728	0.019426
11731	0.029041
11745	0.023751
11753	0.025958
11754	0.046275
11817	0.053570
11830	0.040838
11859	0.010952
11872	0.068385
11879	0.023901
11882	0.027233
11884	0.022649
11926	0.034193
11938	0.031395
11953	0.027958
11997	0.033651
12066	0.042697
12093	0.029220
12096	0.036336
12204	0.049455
12215	0.004386
12280	0.033145
12287	0.021569
12301	0.012623
12310	0.039629
12327	0.019553
12371	0.010781
12397	0.025463
12401	0.014749
12412	0.036832
12421	0.034193
12441	0.018851
12453	0.049387
12461	0.025035
12470	0.049455
12473	0.040838
12490	0.034774
12518	0.019103
12529	0.034774
12534	0.030299
12560	0.022272
12606	0.028410
12616	0.045820
12638	0.054892
12844	0.027958
12856	0.054892
12889	0.049455
12941	0.050422
12959	0.019426
12964	0.004666
12970	0.029846
12984	0.026157
13047	0.049455
13059	0.049455
13067	0.049455
13077	0.046275
13089	0.032221
13115	0.032265
13168	0.029645
13208	0.018930
13222	0.042225
13244	0.025591
13285	0.027393
13306	0.054892
13325	0.037701
13340	0.023181
13343	0.010129
13361	0.024694
13388	0.036311
13401	0.035402
13412	0.030269
13416	0.059930
13418	0.017022
13419	0.017608
13442	0.019341
13454	0.014749
13475	0.021913
13480	0.032221
13483	0.068338
13499	0.015436
13500	0.029965
13503	0.025391
13507	0.020046
13511	0.044018
13532	0.037233
13555	0.050782
13590	0.028756
13598	0.012518
13616	0.054892
13674	0.019065
13723	0.063084
13724	0.050323
